715.86323	50.746

48.0525	7138.6279296875
47.84733333333334	9231.5478515625
53.51983333333333	105526.21875
53.92183333333333	65074.91796875
55.60933333333333	26570.67919921875
54.65833333333333	58082.91015625
46.183166666666665	92286.82470703125
49.56883333333334	8898.2685546875
54.901666666666664	50730.703125
47.31883333333334	68008.451171875
51.3825	9221386.57421875
51.445	8390567.337890625
51.745666666666665	5047717.266113281
53.442	86654.453125
54.169333333333334	70403.8671875
45.88133333333334	41687.3671875
55.492666666666665	24325.005859375
46.71266666666667	144698.9755859375
52.430166666666665	632803.4375
46.51116666666667	158938.4560546875
50.63433333333333	2.551868973828125E7
48.3895	5543.6748046875
52.19683333333333	1470239.8881835938
50.4305	2.039793769140625E7
50.5555	2.460636464453125E7
46.68683333333333	146961.04931640625
55.70683333333333	26557.21484375
50.24933333333333	1.3286648262695312E7
50.31183333333333	1.683545686328125E7
49.4545	6072.0546875
52.99933333333333	176321.390625
49.38699999999999	4264.8408203125
47.00933333333333	55738.4443359375
55.35433333333334	31523.8828125
55.20916666666667	28913.05859375
50.734833333333334	2.6888982580078125E7
54.538000000000004	49588.20703125
47.18833333333334	44411.8515625
47.807	9358.52734375
48.8565	11556.8662109375
54.44983333333333	49357.48046875
49.036500000000004	7042.15185546875
50.152166666666666	4056131.7475585938
51.12166666666667	1.926038177392578E7
51.714666666666666	5082938.6259765625
46.024833333333326	93803.2919921875
48.34616666666667	6532.86767578125
48.90866666666667	6684.52587890625
47.125	34881.73828125
46.403666666666666	102057.0029296875
54.75	30314.3359375
54.875	46898.96484375
48.61216666666667	3934.756103515625
48.79966666666667	4150.3955078125
55.378	21867.38330078125
51.31733333333333	1.1594649851074219E7
53.6605	65492.89453125
49.25483333333333	8157.80859375
46.739333333333335	120343.1865234375
46.801833333333335	102919.5380859375
47.364333333333335	37178.0625
54.051833333333335	52760.70703125
49.600833333333334	9224.03515625
50.99816666666666	2.35010695625E7
52.11683333333334	1659725.203125
53.467666666666666	113005.5859375
46.598	156471.77734375
54.842666666666666	38682.5625
52.6665	386270.40625
50.7915	2.717306576171875E7
52.80466666666667	293197.6875
48.141666666666666	15574.7197265625
51.92966666666667	3238483.0849609375
50.90683333333333	2.634424768359375E7
46.63466666666667	112389.71240234375
46.88466666666667	104440.32568359375
48.084500000000006	16685.9736328125
47.949	13244.42578125
51.644	5897856.568847656
54.77366666666667	29509.259765625
47.696000000000005	15088.83203125
54.349333333333334	47991.1484375
47.14866666666667	40608.076171875
46.0815	54012.7890625
51.0685	2.0758700873046875E7
55.0685	39733.4453125
53.49533333333333	73319.734375
52.316	845965.8188476562
46.263000000000005	61551.20849609375
54.975	36999.05078125
45.968333333333334	76360.5751953125
46.339333333333336	133763.66015625
49.147333333333336	5936.9326171875
49.530833333333334	5252.49658203125
51.526833333333336	6816812.623046875
54.718333333333334	55159.25390625
51.575500000000005	6299771.800292969
51.763000000000005	4907608.431640625
52.968333333333334	174855.572265625
47.62033333333333	11975.2734375
53.784	72235.9765625
52.743833333333335	313649.46875
50.611	2.584295301953125E7
45.7775	26529.693359375
53.53866666666667	96522.296875
53.89366666666667	62675.33203125
55.549166666666665	36781.40673828125
48.2115	6678.541015625
47.57416666666666	22555.443359375
52.8365	327948.21875
47.463	28953.669921875
51.2265	1.4995473181640625E7
52.89966666666667	253997.541015625
46.12516666666667	95319.25
51.4905	7332679.892578125
51.6155	6153068.3525390625
49.864000000000004	29079.0546875
54.4005	30263.791015625
49.626666666666665	22609.6328125
52.7755	313275.28125
54.08833333333334	52241.5263671875
48.96333333333334	0.0
50.713	2.733492959375E7
55.001666666666665	35097.78125
49.7755	26825.59375
52.564166666666665	453512.3740234375
53.22816666666667	125050.671875
47.41016666666667	30485.76953125
51.46966666666666	7794929.2822265625
46.155499999999996	69856.6015625
55.40716666666666	26159.57421875
54.95583333333333	47436.59765625
53.26833333333333	131693.21875
48.679833333333335	3924.53515625
50.535999999999994	2.3469981602539062E7
46.974666666666664	66631.74853515625
45.910999999999994	28681.03515625
52.06966666666666	2070581.1840820312
50.00716666666666	278480.0625
52.46066666666666	623030.9375
49.090333333333334	13613.7080078125
47.33683333333333	25795.6796875
54.243500000000004	54783.40625
54.368500000000004	54352.5859375
51.14933333333333	1.8207942342773438E7
55.53283333333333	28510.2763671875
46.654333333333334	139054.80908203125
55.67283333333333	27185.59375
50.3755	1.8925911000976562E7
46.0005	57026.6455078125
52.529333333333334	506220.90185546875
49.80266666666667	10206.8505859375
51.90116666666667	3541140.4731445312
48.029333333333334	18092.240234375
52.86633333333334	270866.0
53.86633333333334	77856.2265625
49.8275	27919.50390625
50.291000000000004	1.621464503515625E7
48.832166666666666	0.0
54.63516666666667	33198.6484375
55.57266666666667	22989.8203125
48.939499999999995	9493.9189453125
49.48283333333333	11863.056640625
53.175333333333334	119216.2578125
47.07516666666667	67970.5732421875
51.362833333333334	1.0093133095214844E7
54.690333333333335	48026.14453125
46.292833333333334	106573.7734375
47.105333333333334	89612.025390625
47.730333333333334	33573.0234375
51.690333333333335	5561805.26953125
55.155	27493.68359375
51.28	1.3054459396484375E7
46.92016666666667	71925.7197265625
53.11483333333333	162085.78125
55.643	24857.985107421875
52.25916666666667	978762.4194335938
49.50866666666666	16264.28515625
49.1725	0.0
55.126	33776.69140625
48.991	3642.467041015625
53.75983333333333	69099.328125
54.312	45819.26953125
46.4225	122677.43896484375
49.229166666666664	0.0
52.033500000000004	2415905.2426757812
47.25866666666666	40486.546875
53.354166666666664	111683.5234375
50.40466666666667	1.955688997265625E7
45.84066666666667	27790.404296875
50.22566666666667	1.0863596596679688E7
50.66316666666667	2.668448614453125E7
51.03816666666667	2.2029456626953125E7
47.504	51578.484375
47.85916666666667	13058.2939453125
53.255833333333335	116539.50732421875
52.722166666666666	344844.3125
53.972166666666666	57396.94921875
49.318999999999996	0.0
49.97683333333334	167104.671875
52.49283333333334	547281.75
47.901500000000006	14902.619140625
49.11783333333334	3318.18798828125
50.339000000000006	1.7503330478515625E7
51.093833333333336	2.0737127435546875E7
53.087833333333336	147192.236328125
50.587833333333336	2.4213854149414062E7
48.712833333333336	3592.04736328125
49.89416666666667	33693.765625
52.21783333333334	1228854.9575195312
54.55716666666667	28434.1875
49.34283333333334	6863.701171875
50.5095	2.2817760080078125E7
55.27183333333333	30583.306640625
51.95933333333333	3075535.1674804688
46.2365	113120.8359375
49.060833333333335	0.0
51.54483333333334	6277331.0859375
53.998333333333335	75145.19921875
54.93733333333333	32416.80078125
46.85966666666666	91596.0380859375
54.199333333333335	52892.59765625
54.511833333333335	38409.1796875
52.635999999999996	412070.5625
53.948499999999996	56346.7734375
49.199333333333335	0.0
50.84916666666666	2.55728193671875E7
49.27733333333333	0.0
50.17216666666666	6405842.8115234375
53.69583333333333	124394.5859375
55.7395	26395.91796875
48.42133333333334	4822.341796875
52.16283333333333	1521725.3334960938
46.31233333333333	143105.0966796875
46.56233333333333	171142.587890625
55.4725	29513.99853515625
49.700833333333335	11962.859375
50.19883333333333	8331475.7373046875
53.6825	69792.4609375
49.92583333333334	55359.390625
53.299499999999995	111965.4296875
46.101	77543.3857421875
48.881166666666665	3040.244384765625
55.031666666666666	38091.767578125
45.81716666666667	24282.591796875
55.18066666666667	25627.494140625
52.39149999999999	696123.625
49.6475	15402.82421875
51.853833333333334	4043613.4653320312
50.9315	2.5224437811523438E7
47.0435	92108.3603515625
47.9185	20239.7724609375
49.01033333333333	7465.8701171875
53.81283333333333	67611.875
48.290166666666664	7063.86865234375
51.803999999999995	4597107.302734375
53.32283333333333	142095.87060546875
53.744	76403.6435546875
46.540166666666664	127116.62109375
47.290166666666664	57371.814453125
49.4185	4197.158203125
52.602999999999994	401362.96875
50.96816666666667	2.492535801953125E7
46.766333333333336	167174.3037109375
45.75216666666667	51908.6484375
47.67433333333334	13754.05078125
54.28066666666667	74537.484375
46.8335	122221.234375
47.2085	35703.9755859375
50.88283333333333	2.578035896484375E7
49.9585	54426.32421875
49.37716666666667	3883.015869140625
51.202999999999996	1.5826135453125E7
51.87866666666666	4025225.7248535156
54.81466666666667	35778.96875
47.59316666666667	18808.802734375
51.25183333333334	1.3943622712890625E7
53.37683333333334	110068.7421875
46.948166666666665	124218.4833984375
48.50516666666667	0.0
51.18266666666667	1.7208000185546875E7
52.9345	237599.9375
53.0595	146336.734375
52.68266666666667	353431.5625
46.46633333333333	105545.2783203125
52.287666666666674	931893.4477539062
50.09133333333333	1532122.8251953125
54.035333333333334	72285.3125
55.30016666666667	30716.02099609375
47.54083333333333	34603.90234375
51.331	1.1517037598632812E7
55.428666666666665	16579.966796875
47.99916666666666	20733.802734375
48.366166666666665	5822.68359375
50.678666666666665	2.6555802931640625E7
47.650999999999996	38197.923828125
51.827666666666666	4380114.3828125
53.149499999999996	157703.8310546875
54.149499999999996	46923.74609375
54.586999999999996	46760.73828125
55.24733333333334	31182.287109375
53.202666666666666	169774.609375
53.0295	134345.859375
49.67550000000001	13793.1630859375
46.49066666666667	128702.8779296875
49.75066666666667	23869.2109375
54.233	52349.421875
54.608	35890.41796875
46.37566666666667	119139.9306640625
47.43816666666667	60974.9912109375
55.10566666666667	25432.79296875
50.8195	2.6947265115234375E7
54.42816666666667	48952.16796875
46.20816666666666	116141.64306640625
50.47983333333333	2.25737260703125E7
47.477	58310.244140625
47.2295	59245.564453125
50.1105	2335800.47265625
48.2355	17013.44287109375
53.8435	80293.515625
46.05616666666666	100764.001953125
50.455666666666666	2.0879111123046875E7
50.768166666666666	2.77969586640625E7
51.018166666666666	2.3364979793945312E7
51.9955	2905980.40234375
52.098333333333336	1816226.330078125
53.410833333333336	67418.046875
54.11866666666666	53883.18359375
48.532666666666664	0.0
50.03733333333333	525465.013671875
51.41233333333333	8755873.085449219
51.66233333333333	5785615.568359375
52.352333333333334	779195.6030273438
53.595166666666664	121506.8232421875
54.477333333333334	40707.59375
47.76483333333333	8679.75
45.9475	30999.36328125
53.635	64620.35546875
50.06133333333333	933279.625
53.57733333333333	80637.7421875
49.72166666666667	7968.1474609375
55.32733333333333	32333.900390625
