559.62096	25.324

22.128	6353.90185546875
25.698500000000003	3.52400661640625E7
20.660500000000003	8664.9501953125
22.987166666666667	11608.26953125
27.449333333333335	2512785.1962890625
27.511833333333335	2190978.3115234375
25.5995	4.0503991716796875E7
23.5095	45778.580078125
24.307333333333336	27677.224609375
30.037	742876.0202636719
24.567333333333334	32539.32861328125
30.177	813289.625
20.48933333333333	52627.66015625
25.383333333333333	4.6273115796875E7
28.100833333333334	1052478.140625
26.609666666666666	3503439.544921875
27.484666666666666	2424142.439453125
23.842666666666666	18358.958984375
29.195833333333333	699336.9150390625
24.283666666666665	7484.52587890625
28.403666666666666	968703.125
25.994666666666667	1.4190719803710938E7
24.15533333333333	25948.84375
25.171333333333333	4.6552835970703125E7
27.34283333333333	2641129.9443359375
27.9375	1404558.0
24.336166666666667	14072.8662109375
25.723166666666668	3.221885358203125E7
30.112000000000002	731213.9106445312
22.6795	3942.69921875
23.073333333333334	42142.29443359375
28.022	1213005.625
25.226	4.856675765234375E7
24.084999999999997	12029.185546875
25.684	3.646381959765625E7
29.004666666666665	845682.0751953125
20.6335	14380.71875
27.884666666666664	1435964.1201171875
23.334833333333332	112575.74609375
25.196	4.59557725390625E7
28.579	1006581.875
29.8375	705235.1689453125
23.5385	29719.3203125
23.7885	6884.6533203125
25.255999999999997	4.841956006640625E7
21.478833333333334	42731.8837890625
21.746666666666666	9989.935546875
26.1365	8835342.91015625
26.7615	3515274.0380859375
27.525	2072346.875
24.4	17056.4111328125
23.621333333333332	23768.71875
24.448833333333333	17746.6533203125
29.575833333333332	751257.25
25.31566666666667	5.0913328416015625E7
23.209666666666667	87195.2001953125
27.37816666666667	2594476.4619140625
25.4085	4.8240600041015625E7
22.888333333333332	8227.5751953125
29.297	844585.3125
29.3595	825287.3125
22.9165	4927.29248046875
21.418833333333335	30055.8125
24.183833333333332	20320.27734375
30.209666666666667	773794.060546875
20.454166666666666	14101.9833984375
29.488333333333333	757617.85546875
29.076666666666664	796507.033203125
29.514166666666664	675787.806640625
26.04866666666667	1.250212316796875E7
27.728666666666665	1924462.3173828125
21.389	44282.25
29.103666666666665	843153.5087890625
27.554666666666666	2228628.3930664062
29.86116666666667	826054.8520507812
20.438499999999998	63408.28125
20.750999999999998	8626.484375
29.256333333333334	863651.0625
24.473833333333335	25014.560546875
24.063499999999998	12284.52685546875
29.900166666666667	802875.3916015625
23.458000000000002	64358.75927734375
22.4285	0.0
23.151666666666664	80963.287109375
25.36	4.8968802591796875E7
27.229166666666668	2699815.6220703125
20.692	6715.345703125
26.526333333333334	3488486.7412109375
30.05816666666667	755655.1259765625
25.7545	3.083065500390625E7
27.026333333333334	3152199.115234375
27.7545	1812847.6318359375
29.99566666666667	822045.3056640625
30.264666666666667	901247.7607421875
24.37066666666667	17547.27734375
30.289166666666667	825545.408203125
20.512166666666666	28478.5888671875
25.789166666666667	2.7696350833007812E7
26.340500000000002	4674146.693359375
25.485166666666665	4.5009475322265625E7
24.908333333333335	1.7728082122070312E7
25.0215	3.9079743900390625E7
27.112333333333332	3111837.34765625
27.142999999999997	3070046.46484375
26.509166666666665	3646912.876953125
23.864833333333333	11846.5029296875
27.78483333333333	1681989.568359375
27.582333333333334	2026897.3818359375
29.707333333333334	792668.8125
27.19633333333333	2915460.8466796875
26.555333333333333	3505427.3935546875
28.180333333333333	1193082.5029296875
28.805333333333333	918991.875
29.46033333333333	818100.8125
29.92233333333333	731033.0283203125
26.423833333333334	3615232.873046875
26.315166666666666	4687476.322265625
29.2255	878203.533203125
22.79416666666667	5951.43310546875
24.599	40085.92578125
29.683333333333334	812610.3334960938
28.120833333333334	984722.8125
23.400333333333332	61011.546875
23.9015	12194.349609375
28.449833333333334	994504.375
24.6515	99718.6044921875
23.57016666666667	44222.431640625
27.962833333333332	1367048.4301757812
26.962833333333332	3492092.11328125
24.125833333333333	4098.21533203125
30.093833333333336	754108.3125
23.431833333333334	50221.125
29.8055	857002.54296875
23.957666666666668	5191.23486328125
26.779666666666667	3648492.01953125
28.895166666666668	962638.2119140625
24.1995	22258.765625
22.81833333333333	6760.51025390625
23.75583333333333	13257.01806640625
26.262	5349394.4052734375
26.0825	1.0101110854003906E7
21.847166666666666	9429.7431640625
23.972166666666666	12496.900390625
20.607166666666668	15646.82421875
22.0665	5223.4521484375
28.729333333333333	987309.625
24.698666666666668	226335.5
22.9705	9632.41015625
24.671666666666667	152874.322265625
27.819000000000003	1712552.96484375
24.499333333333333	32547.57568359375
26.1915	7255667.6953125
27.859166666666667	1680455.7333984375
22.05	0.0
27.607166666666668	1950824.875
25.618499999999997	3.7595483951171875E7
25.805999999999997	2.6882031993164062E7
29.953333333333333	710362.7470703125
27.642833333333332	1971461.9975585938
28.770666666666667	875843.912109375
21.688166666666667	30246.216796875
30.1375	767186.8916015625
20.346833333333333	75109.7265625
29.3875	848973.375
27.083166666666667	3178698.974609375
29.601999999999997	827997.3486328125
28.506666666666668	1059728.875
23.480666666666664	33900.40625
21.06	7290.7548828125
21.3725	20865.599609375
27.803166666666666	1721671.9067382812
20.381666666666668	55183.404296875
28.8725	860919.375
26.9445	3512045.4541015625
23.729833333333332	17854.8681640625
25.9445	1.773149391015625E7
26.105666666666664	9737435.404296875
28.942999999999998	854492.3125
27.656166666666664	2010410.7666015625
28.218666666666664	1019288.0
25.567999999999998	4.1985621318359375E7
27.255499999999998	3013191.1083984375
25.441666666666666	4.6632856796875E7
27.05483333333333	3322425.76171875
28.487666666666666	944493.3125
26.86733333333333	3603568.583984375
28.651	952474.1098632812
25.918	1.976092859765625E7
26.39816666666667	3970111.744140625
28.30483333333333	984292.1904296875
21.28966666666667	38310.0390625
29.3995	911095.8447265625
20.578500000000002	14157.25390625
21.444666666666667	29994.6103515625
25.03966666666667	4.06457086953125E7
29.9735	752804.0473632812
21.540833333333335	14019.1015625
24.624166666666667	49537.548583984375
29.167166666666667	832426.5512695312
23.716666666666665	16655.51171875
26.01966666666667	1.3549368010742188E7
22.8535	5417.7529296875
29.322666666666667	803497.5
21.200166666666668	38249.5546875
28.08216666666667	1111852.853515625
29.654166666666665	771267.3291015625
26.669500000000003	3610532.3188476562
28.341666666666665	1021838.0625
24.041	13469.412109375
25.9785	1.7119344451171875E7
26.216666666666665	6492796.8544921875
26.291	4734043.881347656
29.782500000000002	809584.6962890625
26.639833333333335	3645041.4848632812
21.346999999999998	44920.1875
23.273333333333333	104510.341796875
21.784166666666668	12718.34765625
24.252	5496.3134765625
24.767333333333333	764570.2573242188
25.096999999999998	4.249720105859375E7
25.517333333333333	4.3385062728515625E7
28.752	952922.8857421875
27.9925	1164901.9697265625
28.047833333333333	1201120.875
28.672833333333333	976157.8125
27.313	2775960.4038085938
23.656	28716.4345703125
28.69183333333333	1059410.55078125
26.830666666666666	3480673.6420898438
20.781	24781.521484375
27.156	2841787.716796875
30.319833333333335	809817.7583007812
23.098666666666666	55894.384765625
23.308	92574.97265625
29.132333333333335	960618.91015625
21.177666666666667	19944.2890625
29.624000000000002	843099.80859375
28.265	1124793.5375976562
26.477333333333334	3469931.4174804688
28.537333333333333	990051.857421875
28.973333333333336	821095.0849609375
25.838666666666665	2.4676061193359375E7
26.4465	3865942.1728515625
28.556166666666666	980583.8125
24.993666666666666	3.4882203986328125E7
26.166999999999998	7321105.3095703125
26.695333333333334	3463039.318359375
20.548333333333336	25186.3203125
29.76383333333333	782655.2729492188
25.333833333333335	4.798933176953125E7
27.420833333333334	2452116.298828125
28.324166666666667	1028371.23828125
29.5485	749526.75
29.0275	835325.5625
24.828	2904586.4165039062
29.736833333333333	792061.9326171875
23.176166666666667	91577.4384765625
26.8905	3467508.54296875
27.290333333333333	2741086.9467773438
24.424333333333333	21494.3515625
24.727833333333333	420327.99072265625
26.236666666666668	5587329.7529296875
29.266333333333332	932032.728515625
23.816166666666668	16727.341796875
22.941166666666668	5411.8173828125
21.314666666666668	41378.7109375
26.738666666666667	3624537.4189453125
28.236666666666668	1171838.2607421875
27.921	1480746.0546875
27.69783333333333	1920861.0166015625
24.225	12808.81640625
24.88533333333333	1.0677606173339844E7
25.869000000000003	2.4330133779296875E7
24.937833333333334	2.4654467560546875E7
28.915000000000003	820710.318359375
28.378333333333334	1044906.75
20.4125	57505.029296875
21.26033333333333	54704.7109375
28.615333333333336	1121047.4057617188
23.37366666666667	93493.03515625
23.051666666666666	25611.92578125
26.381833333333336	4217457.5234375
28.431333333333335	959575.0024414062
30.243833333333335	783572.19921875
21.2215	18211.19140625
24.008	20263.68603515625
25.276833333333332	4.6716271796875E7
25.538833333333333	4.2837412376953125E7
26.989166666666666	3359004.134765625
28.839333333333332	791577.6875
24.853166666666667	5286089.778808594
24.798166666666667	1598703.4775390625
27.4055	2493621.533203125
25.075333333333333	4.202447291796875E7
25.468	4.66456313203125E7
26.923166666666667	3389759.4819335938
24.968	3.1779998990234375E7
22.528833333333335	6335.5810546875
20.721333333333334	5900.75
25.150666666666666	4.3375149494140625E7
21.601499999999998	14158.1787109375
23.594833333333334	42432.2880859375
25.649166666666666	3.723489076660156E7
22.407333333333334	4338.8583984375
23.351499999999998	73527.154296875
23.241666666666667	102744.029296875
23.024166666666666	11511.54296875
25.883166666666668	2.2270845974609375E7
21.702833333333334	11088.7978515625
24.532333333333334	38391.23828125
26.58716666666667	3430278.2109375
26.81433333333333	3459125.2509765625
29.0595	940213.4072265625
29.432666666666666	722209.7177734375
25.113833333333332	4.4478223591796875E7
23.122	47703.83203125
21.120166666666666	14663.2548828125
21.932666666666666	7721.0380859375
28.15083333333333	1102975.2861328125
