809.44741	62.244

64.65116666666667	161608.36791992188
60.0525	34215.9140625
58.60166666666667	5883.1923828125
67.24133333333333	24843.5703125
57.48433333333333	144322.7822265625
59.42183333333333	10358.77734375
65.30966666666667	86160.9921875
66.74716666666667	36002.5
66.86283333333333	38415.35546875
66.92533333333333	25717.173828125
59.26983333333333	8847.388671875
66.82516666666668	29350.38671875
61.76983333333333	702422.3969726562
58.026666666666664	34449.4951171875
61.339166666666664	81008.1640625
62.6455	1.7578779787109375E7
60.38133333333334	6606.0576171875
61.3955	64548.0390625
65.56666666666666	75402.578125
58.272666666666666	9019.58154296875
64.03116666666666	399804.40625
64.46866666666666	183115.30908203125
58.08883333333333	20238.3017578125
59.96383333333333	41796.2421875
58.6295	7155.97021484375
59.192	3989.04541015625
64.93983333333333	112673.984375
65.18983333333333	96785.015625
64.49416666666667	195690.3544921875
67.07833333333333	26896.119140625
60.89433333333333	30876.06640625
57.64516666666667	116345.0546875
63.6395	1222718.5234375
61.1395	110070.40625
58.294999999999995	19308.3525390625
59.452	18492.649658203125
62.18083333333333	2.663215312890625E7
62.148	2.677388433203125E7
57.88699999999999	61572.9501953125
62.4875	2.2266809103515625E7
65.8885	64623.478759765625
63.38699999999999	2829539.6318359375
62.04183333333334	2.4280658029296875E7
63.29183333333334	3956972.0502929688
59.31183333333333	6947.905029296875
61.794666666666664	1249159.7275390625
60.74933333333333	14950.5556640625
66.15183333333333	41077.72265625
63.1715	5600930.260986328
65.4715	86940.7890625
58.77166666666667	6761.841796875
66.17416666666666	38616.0048828125
66.48666666666666	41172.82421875
58.1065	5103.2314453125
60.24666666666667	17726.666015625
60.93416666666667	52132.205078125
64.821	136297.837890625
63.10616666666667	6744350.5927734375
64.22433333333333	260839.3515625
65.756	49906.560546875
59.25	10268.177734375
61.0625	65298.5986328125
62.875	1.11780057421875E7
66.5625	44892.5078125
59.87983333333333	18654.51953125
61.5355	40420.24853515625
58.3155	5029.90673828125
59.9405	45017.9384765625
60.655166666666666	10294.23046875
61.18566666666666	91643.6015625
63.551833333333335	1524595.4555664062
67.0655	40364.328125
65.48216666666666	84753.06494140625
66.35716666666666	33330.953125
59.9165	32289.81396484375
60.421166666666664	17974.64453125
60.608666666666664	6786.451171875
59.38816666666666	4965.86328125
59.109500000000004	7935.109130859375
60.96933333333333	42332.7158203125
59.60366666666666	30731.494140625
62.516666666666666	2.1960026701171875E7
57.80466666666667	71664.9970703125
66.02166666666668	34442.88671875
58.42966666666667	7220.36474609375
57.82333333333334	76209.6240234375
65.17183333333334	107048.2578125
63.2065	4997097.206542969
64.25116666666666	265990.0068359375
65.68866666666666	63641.53125
66.27833333333334	49678.82421875
59.5685	8284.0224609375
63.881	563045.6875
65.969	53810.568603515625
63.68716666666667	984205.9404296875
57.74966666666667	87943.7890625
61.3785	96157.9921875
61.816	2321723.4506835938
61.459833333333336	55735.87744140625
58.522333333333336	7040.20458984375
63.85	625050.4399414062
57.522333333333336	145124.1796875
62.55783333333333	2.10072846796875E7
60.30783333333333	11855.498046875
57.55783333333333	130527.462890625
57.5965	164825.193359375
66.46083333333334	33205.890625
66.72200000000001	42741.33984375
58.343333333333334	7263.56640625
60.825500000000005	16605.04296875
58.651833333333336	7174.3046875
60.218333333333334	28613.572265625
57.26383333333333	176601.458984375
64.51366666666667	186525.8388671875
62.01166666666666	2.3419205048828125E7
66.8805	34186.87890625
63.58116666666667	1405233.3920898438
58.371833333333335	0.0
66.6375	38675.76953125
66.0695	40371.66015625
58.55116666666667	0.0
61.299166666666665	90614.7578125
64.18933333333334	280685.0224609375
64.96166666666666	131176.439453125
66.58666666666666	48522.765625
67.22133333333333	22030.701171875
64.12349999999999	316220.46875
58.40083333333334	0.0
65.36416666666666	94360.32788085938
66.97633333333333	29429.916015625
58.70516666666666	8393.40673828125
62.23566666666667	2.8299139578125E7
64.62533333333333	163613.60717773438
65.81283333333333	68891.92333984375
63.35583333333333	2979226.3774414062
59.22266666666667	0.0
63.2635	4445051.58203125
65.21816666666668	118858.837890625
66.25783333333332	50550.70703125
66.69533333333332	43647.02734375
63.76833333333333	733505.9147949219
67.11116666666666	31854.16796875
58.929833333333335	8582.06787109375
64.36333333333333	237234.28125
60.3555	13437.3212890625
66.335	44302.05859375
65.84416666666667	52609.9873046875
59.64083333333333	22125.803466796875
59.993500000000004	38465.259033203125
66.20933333333333	47348.12109375
59.167500000000004	3336.699951171875
60.62733333333333	7995.8984375
60.28283333333333	16616.5673828125
61.28283333333333	94353.1630859375
65.336	97331.5078125
60.69316666666667	9809.123046875
62.622499999999995	1.7624321984375E7
59.369166666666665	13835.44775390625
59.747499999999995	16518.21923828125
65.41166666666666	111521.7373046875
67.03666666666666	18532.90625
60.79783333333333	22386.2578125
63.7505	792781.9946289062
65.37899999999999	85599.1171875
59.5005	23121.765625
63.145833333333336	6187895.883300781
60.458333333333336	11315.076171875
64.8775	148540.8818359375
61.5615	45262.81298828125
65.77533333333334	56581.177734375
65.14450000000001	85624.0234375
62.716833333333334	1.6258466041992188E7
62.36516666666667	2.5739898646484375E7
59.029333333333334	5612.52978515625
63.416000000000004	2372129.8608398438
58.24083333333333	7397.20849609375
61.916000000000004	1.0420205833984375E7
58.00383333333333	39693.7421875
59.666000000000004	15506.51806640625
64.0605	377432.6875
61.88766666666667	7356093.8154296875
62.4195	2.3960741482421875E7
63.99083333333333	511217.03125
62.095	2.6646914854492188E7
62.85783333333333	1.2612070754882812E7
63.95483333333333	475167.1875
63.79516666666667	708643.5034179688
58.685500000000005	12484.11962890625
57.29516666666667	175576.71533203125
58.20466666666667	7857.328125
60.57966666666667	8449.7265625
58.855333333333334	11941.529296875
61.24616666666667	102729.00561523438
60.917833333333334	24118.984375
61.980333333333334	1.961783599609375E7
61.48983333333333	60057.498291015625
61.643	41924.1328125
62.80233333333333	1.383260264453125E7
65.536	68575.1875
57.720666666666666	129773.826171875
61.94616666666666	1.4495017369140625E7
62.38366666666666	2.4912292796875E7
63.07116666666666	7415751.869628906
65.58683333333333	79064.21875
59.346000000000004	9348.32958984375
65.99600000000001	69482.8583984375
60.437	13977.91943359375
64.31266666666667	241279.484375
62.440000000000005	2.3567550095703125E7
64.08833333333334	324387.40625
64.99166666666666	118947.5078125
66.80416666666666	33012.9765625
64.76616666666666	134835.62377929688
57.54666666666667	138155.03515625
57.9415	41938.7451171875
62.90316666666667	1.0646489342773438E7
64.73566666666666	164600.30834960938
58.04666666666667	17868.30078125
62.284666666666666	2.7584901395507812E7
62.568999999999996	2.0499868900390625E7
60.1915	23918.60693359375
65.91566666666667	67133.052734375
66.508	58754.859375
64.7005	142997.5
60.33533333333333	7889.05029296875
64.54	180815.8154296875
66.1025	37756.994140625
63.820166666666665	676696.875
57.62083333333333	117392.40625
63.0195	8354476.7900390625
61.66916666666667	56953.421875
66.5415	49675.7578125
59.810833333333335	23752.1552734375
65.06216666666667	103599.75
57.469500000000004	159535.52734375
59.70183333333333	8085.837890625
67.147	25463.61328125
58.83433333333333	5750.85791015625
64.14399999999999	355557.84375
64.01083333333334	427595.5625
57.323499999999996	170664.833984375
65.08966666666667	103697.6953125
60.49983333333333	13047.6611328125
65.71616666666667	45914.98046875
62.1145	2.69422139375E7
60.17216666666666	38801.412109375
61.85966666666666	4694087.7451171875
62.25833333333333	2.8187474099609375E7
61.003166666666665	43696.46875
60.10633333333333	32266.48046875
58.459666666666664	10476.3193359375
60.084666666666664	37814.78515625
61.7015	125539.4921875
63.46133333333333	1880422.3481445312
59.05083333333334	9724.43359375
57.36116666666667	157287.3359375
59.785666666666664	16409.408203125
58.966	2753.499755859375
65.11016666666667	109376.5078125
57.7785	96745.515625
62.818666666666665	1.3176098171875E7
62.469166666666666	2.31285219921875E7
63.716	861746.705078125
60.719166666666666	18787.24853515625
58.7465	4577.23046875
63.603833333333334	1296643.4619140625
65.27516666666666	85489.7578125
63.43783333333333	2208051.4526367188
61.727666666666664	231502.5
63.928999999999995	486037.74755859375
57.415166666666664	154635.3515625
64.28616666666667	227585.36328125
66.22366666666667	50363.27978515625
65.44183333333334	84385.52734375
65.64066666666666	72079.3125
66.39066666666666	29776.177734375
62.92666666666666	1.00483462421875E7
57.9185	57988.6064453125
64.84166666666667	115471.03125
58.17666666666666	7044.53466796875
61.02133333333334	53047.76025390625
66.41583333333332	34410.12109375
62.98583333333333	8946028.219238281
61.11083333333333	63894.53125
62.34316666666667	2.7964111912109375E7
57.67433333333334	115892.3701171875
64.16816666666666	270226.40625
60.86183333333334	31050.24609375
64.38166666666667	224864.5361328125
63.327999999999996	3514998.2197265625
60.021	31532.8505859375
64.33033333333334	240260.5751953125
66.95533333333334	21199.306640625
62.073166666666665	2.6661300791015625E7
62.698166666666665	1.689315846875E7
67.00516666666667	30968.4140625
61.510666666666665	45262.3828125
63.657333333333334	989776.1904296875
58.80766666666667	2452.06005859375
62.74516666666667	1.5192315848632812E7
57.42633333333333	175057.7275390625
63.527	1676736.0649414062
58.56766666666667	5125.248046875
59.725166666666674	20365.9365234375
65.2415	80375.1953125
66.61533333333334	58482.3095703125
62.20033333333333	2.8211906787109375E7
61.588166666666666	22135.326416015625
59.081	7013.24462890625
66.77383333333333	30467.001953125
58.48766666666667	15768.849609375
61.61266666666667	24821.849609375
59.140166666666666	3996.4677734375
64.41633333333333	223281.89794921875
65.025	102491.8515625
60.12233333333334	17327.5859375
62.9535	9264378.067382812
64.9035	121770.46435546875
58.891	10646.03515625
64.59816666666667	176951.90380859375
64.56383333333333	186206.6318359375
59.00066666666667	6952.787109375
63.233	4748057.554199219
59.477	7976.93994140625
62.592	1.9043375373046875E7
63.48800000000001	1755153.1628417969
65.86966666666666	76928.07202148438
66.05716666666666	34858.1328125
61.092	72376.3515625
64.799	146516.13403320312
62.767500000000005	1.4435837697265625E7
64.67699999999999	159849.71606445312
63.04316666666667	7823152.7880859375
65.9485	67824.6533203125
67.1985	23819.4140625
57.382	179389.74658203125
67.17166666666667	34603.10546875
61.43	58974.77978515625
62.316833333333335	2.59840418515625E7
58.129333333333335	14458.79736328125
61.2185	97260.0927734375
57.852333333333334	78151.701171875
57.970166666666664	22294.083984375
63.907666666666664	562691.5
61.167	76732.6875
65.62083333333334	82686.2421875
59.535833333333336	14669.46044921875
60.52766666666666	8977.244140625
60.77766666666666	16871.88671875
66.312	34618.8466796875
59.84666666666667	13447.197265625
64.44616666666667	208158.38623046875
66.6725	48171.6533203125
