979.47243	43.996

39.84733333333334	13753.9375
48.0525	56159.05029296875
47.84733333333334	49430.1630859375
44.14483333333333	2.41318764609375E7
42.06366666666667	107410.82666015625
42.4655	35521.6328125
43.66416666666667	314440.53125
42.86016666666667	164311.146484375
42.0315	94841.28125
42.555166666666665	46733.8447265625
46.183166666666665	146926.65625
45.195	1285542.6171875
42.183166666666665	100430.734375
45.567	395427.498046875
42.25633333333334	64844.66796875
41.63133333333334	87239.375
44.026666666666664	2.805786806640625E7
47.31883333333334	51031.96875
45.88133333333334	160266.13134765625
46.71266666666667	82613.5703125
44.522666666666666	1.0835498259765625E7
41.72933333333334	161163.232421875
46.51116666666667	79887.49169921875
42.7105	140443.7236328125
48.3895	21882.8828125
39.9875	11451.05859375
46.68683333333333	71307.1171875
41.70683333333333	102931.458984375
45.3055	751720.943359375
41.20766666666667	10224.11328125
48.44949999999999	28684.8125
47.00933333333333	53855.08203125
42.94983333333333	116971.603515625
43.07483333333333	52080.046875
47.18833333333334	41660.87109375
47.807	41897.3515625
48.8565	44614.546875
45.413000000000004	541415.16015625
41.109833333333334	7695.3701171875
43.85616666666667	1.6020104255859375E7
46.024833333333326	145146.734375
48.34616666666667	24385.1953125
48.90866666666667	53200.13232421875
45.337333333333326	710049.29296875
47.125	68861.3203125
41.28366666666667	5759.62109375
46.403666666666666	98091.2802734375
45.43416666666667	538015.123046875
44.55433333333334	1.0449425984375E7
48.61216666666667	21780.103515625
48.79966666666667	35380.984375
46.739333333333335	67268.6953125
46.801833333333335	61449.75390625
47.364333333333335	62772.59375
45.253	1050805.1782226562
45.0355	2542249.41796875
46.598	71092.4765625
45.54116666666666	374022.3544921875
48.479	29680.279296875
48.141666666666666	37994.0234375
43.93383333333334	2.744410974609375E7
46.63466666666667	70210.4765625
46.88466666666667	57099.98828125
48.084500000000006	12862.9296875
39.63466666666667	39879.32421875
47.949	41363.80078125
45.224333333333334	1136573.84375
43.48966666666667	6942.68310546875
41.1365	8080.7451171875
41.324	22459.6640625
47.696000000000005	45689.73046875
44.71116666666667	6456340.9921875
42.3315	47251.0625
47.14866666666667	55951.193359375
46.0815	114350.1953125
41.084500000000006	7230.4697265625
40.56933333333333	7486.93701171875
41.343333333333334	19601.02734375
46.263000000000005	142721.296875
48.316	18096.1171875
42.388000000000005	46080.48828125
42.575500000000005	61886.85107421875
45.593333333333334	375273.919921875
45.968333333333334	152688.296875
46.339333333333336	105044.578125
40.225	10742.3798828125
43.23350000000001	29174.98046875
47.62033333333333	32126.310546875
44.49533333333333	1.193204746484375E7
45.68283333333333	282933.13671875
42.5275	54520.265625
45.09	2150979.35546875
45.7775	243089.1796875
48.121833333333335	21725.60546875
48.2115	47504.5859375
47.57416666666666	27492.947265625
45.65083333333334	293156.58935546875
47.463	27652.0859375
43.739000000000004	3048311.4326171875
44.301500000000004	1.759219282421875E7
46.12516666666667	147428.03125
42.76533333333334	165175.453125
43.61666666666667	44404.1640625
48.96333333333334	50811.203125
43.83716666666667	1.238013615234375E7
44.3855	1.496993719921875E7
41.95366666666666	132623.998046875
41.16016666666667	15873.36279296875
47.41016666666667	45864.8662109375
42.8885	175267.8916015625
46.155499999999996	143067.4345703125
43.96066666666666	2.8351615625E7
48.679833333333335	17000.287109375
42.10216666666667	136939.8193359375
46.974666666666664	57103.95703125
45.910999999999994	197254.6923828125
39.747499999999995	20699.765625
47.33683333333333	39273.8046875
41.868500000000004	128271.3359375
44.090333333333334	2.60812349375E7
44.465333333333334	1.245611912890625E7
40.47183333333333	12038.53515625
44.32833333333333	1.6849196109375E7
45.618500000000004	290482.765625
42.3085	82578.04296875
42.667500000000004	102649.3701171875
43.042500000000004	77697.2060546875
43.37733333333333	16334.73828125
40.499	7006.9091796875
46.654333333333334	60903.71875
44.36033333333333	1.5881983578125E7
46.0005	154810.8798828125
48.029333333333334	37900.0546875
41.395833333333336	6678.98974609375
48.64	26321.59375
45.112833333333334	2065053.6103515625
43.345	11046.5771484375
41.751999999999995	181052.625
48.832166666666666	38675.51171875
45.01016666666667	2937317.857421875
48.939499999999995	54680.98828125
41.26016666666667	6603.90283203125
41.67833333333333	136724.36083984375
43.55333333333333	9908.8203125
44.1695	2.272907547265625E7
47.07516666666667	52090.9296875
42.82166666666667	139942.173828125
44.87116666666667	4336245.7265625
45.38416666666667	654752.3930664062
46.292833333333334	112646.8671875
47.105333333333334	53626.625
47.730333333333334	18311.09765625
48.185500000000005	21128.037109375
45.143	1732101.0869140625
44.5925	8743906.48046875
44.8425	4320249.458984375
46.92016666666667	67892.53125
48.55233333333333	32194.03515625
42.60766666666667	80871.7626953125
44.623000000000005	8055129.5146484375
42.20466666666667	67243.84375
45.065333333333335	2383801.5634765625
45.45466666666667	531641.451171875
42.916666666666664	114622.484375
41.51466666666667	41261.68359375
41.783500000000004	199435.67578125
48.991	48454.85546875
44.937	3640919.3935546875
46.4225	103630.6875
44.25866666666666	1.949803098828125E7
41.5475	34480.515625
47.25866666666666	48128.29296875
40.54666666666667	8365.302734375
42.42166666666667	35690.3828125
45.84066666666667	195873.54248046875
45.48416666666667	407424.0595703125
47.504	47244.59765625
47.85916666666667	39389.85546875
43.315000000000005	13302.4765625
44.002500000000005	2.837230515234375E7
39.29416666666667	14999.978515625
44.43333333333333	1.310365036328125E7
44.80833333333333	4897614.1123046875
47.901500000000006	39398.59375
43.52033333333333	8071.171875
48.712833333333336	21976.47265625
43.435833333333335	11289.33203125
44.73233333333334	5936998.3515625
41.4865	32635.9873046875
42.3615	51620.22265625
44.9865	3161275.2841796875
46.2365	129380.1328125
40.26916666666667	11545.453125
41.36966666666667	16282.93994140625
48.57933333333334	28707.185546875
42.79633333333334	161828.685546875
43.6485	199189.21875
44.961	3512949.4077148438
45.35883333333334	674907.73828125
45.711	251570.0625
42.15233333333333	98405.2109375
46.85966666666666	88012.7578125
39.67133333333334	30173.205078125
41.573499999999996	73939.828125
47.78666666666666	39485.0859375
40.31233333333333	9340.80859375
48.42133333333334	30286.740234375
46.31233333333333	108767.17529296875
46.56233333333333	77948.65625
41.58633333333333	83246.7265625
40.245	11209.0751953125
39.7015	22737.228515625
41.82383333333333	135513.59375
42.638333333333335	97755.41796875
43.263333333333335	13363.91015625
42.690666666666665	107103.8525390625
43.878166666666665	2.103417984765625E7
44.575833333333335	9730425.240234375
43.91	2.53776540390625E7
41.9725	115576.9296875
43.147166666666664	38990.46484375
43.584666666666664	32813.24609375
45.166333333333334	1485954.0263671875
46.101	185807.59375
48.881166666666665	42880.1953125
45.81716666666667	210563.265625
45.51649999999999	382300.671875
40.098166666666664	9140.01171875
40.626333333333335	10084.0087890625
39.1795	0.0
47.0435	27446.2197265625
47.9185	25444.2421875
48.741499999999995	26163.982421875
48.290166666666664	32695.71533203125
43.01033333333333	95475.6484375
46.540166666666664	77864.0390625
47.290166666666664	49011.158203125
43.80283333333333	8445844.59375
44.05283333333333	2.70036841171875E7
43.202999999999996	8234.822265625
46.766333333333336	58050.9921875
45.75216666666667	220449.96875
47.67433333333334	41278.94140625
46.8335	63774.7578125
47.2085	87055.6142578125
45.27133333333334	904185.3642578125
44.19533333333333	2.1938347470703125E7
39.233333333333334	0.0
45.73583333333333	243797.265625
41.92333333333333	123672.4140625
47.59316666666667	60448.990234375
44.122	2.5505024796875E7
39.81766666666667	21422.5234375
43.69266666666667	803596.8525390625
48.774166666666666	44809.2890625
46.948166666666665	65941.1640625
48.50516666666667	16081.2255859375
47.969833333333334	50696.81640625
43.094833333333334	47135.64453125
44.660333333333334	7368633.66015625
44.40383333333333	1.4272782921875E7
46.46633333333333	83527.5
42.4985	43476.830078125
41.89383333333333	105768.439453125
40.43483333333334	7727.4931640625
41.99733333333334	102859.2490234375
47.54083333333333	49697.30078125
43.116166666666665	33805.88671875
48.2685	20629.1015625
47.99916666666666	27378.740234375
48.366166666666665	20583.265625
42.23766666666667	80262.796875
47.650999999999996	38228.36328125
41.45116666666667	13619.3125
40.36566666666667	9740.4072265625
39.955000000000005	13360.099609375
42.98066666666667	94004.96875
46.49066666666667	73303.22314453125
44.67816666666667	7012035.396484375
44.892833333333336	3881676.177734375
46.37566666666667	112852.185546875
47.43816666666667	38948.73046875
44.7625	5382210.27734375
48.66733333333333	34223.3828125
46.20816666666666	119409.7265625
47.477	68028.90234375
41.6545	100675.5439453125
44.7895	5053863.4296875
41.22483333333333	6583.6025390625
43.167	18261.421875
43.282666666666664	17714.2421875
44.28733333333333	1.847880533203125E7
47.2295	61151.814453125
48.2355	30658.966796875
46.05616666666666	182226.818359375
40.410833333333336	15188.9521484375
41.41116666666667	19870.91064453125
42.1205	71427.59375
42.7455	155663.357421875
41.8435	125370.263671875
48.532666666666664	27898.123046875
39.805	14171.734375
42.441833333333335	30212.0234375
47.76483333333333	18017.2265625
45.9475	205827.8837890625
43.77333333333333	4937781.28515625
43.71666666666667	1632790.3134765625
44.23016666666667	2.0951978076171875E7
42.29266666666667	64031.390625
