738.88398	46.056

48.0525	115991.58984375
47.84733333333334	83053.91015625
42.06366666666667	23324.81103515625
43.66416666666667	9124.7724609375
42.86016666666667	5605.19140625
42.0315	23347.9140625
46.183166666666665	2.041358341015625E7
45.195	8298.912109375
49.56883333333334	131945.11669921875
42.183166666666665	6131.3203125
45.567	9368.890625
41.63133333333334	25813.7021484375
47.31883333333334	89420.6796875
45.88133333333334	9166336.56640625
46.71266666666667	2299083.681640625
41.72933333333334	23164.275390625
46.51116666666667	3863456.4638671875
50.63433333333333	69315.044921875
48.3895	82862.380859375
50.4305	39065.9228515625
50.5555	44184.15625
46.68683333333333	2472132.7607421875
50.24933333333333	32417.1953125
50.31183333333333	41100.78125
41.70683333333333	24581.638671875
49.4545	53616.34375
45.3055	6661.07666015625
41.20766666666667	99488.5712890625
48.44949999999999	86978.294921875
49.38699999999999	31678.8427734375
47.00933333333333	1602896.375
43.07483333333333	0.0
43.44983333333333	25134.181640625
50.734833333333334	90899.41796875
47.18833333333334	418237.3125
47.807	72680.240234375
48.8565	61934.5703125
41.109833333333334	136048.7509765625
49.036500000000004	56460.105224609375
50.152166666666666	15285.68359375
46.024833333333326	2.51524175625E7
48.34616666666667	95508.005859375
48.90866666666667	68391.609375
45.337333333333326	8196.6767578125
47.125	886146.3662109375
41.28366666666667	64667.828125
46.403666666666666	7290916.224609375
45.43416666666667	24649.0380859375
48.61216666666667	71498.28125
48.79966666666667	45194.208984375
49.25483333333333	43649.7900390625
46.739333333333335	2252819.56640625
46.801833333333335	2293188.0346679688
47.364333333333335	100641.599609375
49.600833333333334	105314.73779296875
45.253	7574.88623046875
50.99816666666666	68578.44384765625
45.0355	6465.8701171875
46.598	2824648.022705078
45.54116666666666	6785.0322265625
48.479	69324.6875
50.7915	103652.65625
48.141666666666666	125358.095703125
50.90683333333333	114671.76953125
46.63466666666667	2729874.346923828
46.88466666666667	2150932.505859375
48.084500000000006	92792.619140625
47.949	99145.4833984375
45.224333333333334	20381.3935546875
41.1365	141725.0966796875
41.324	41168.9345703125
47.696000000000005	77364.86328125
44.71116666666667	9404.240234375
47.14866666666667	622884.0
46.0815	2.5392645E7
41.084500000000006	126014.529296875
41.343333333333334	35076.3564453125
46.263000000000005	1.4286762260742188E7
48.316	89640.0546875
42.388000000000005	8582.75
42.575500000000005	6038.74609375
45.593333333333334	20635.94921875
45.968333333333334	2.1798081513671875E7
46.339333333333336	1.0153714541015625E7
49.147333333333336	73549.0751953125
49.530833333333334	76348.91796875
43.23350000000001	25776.162109375
47.62033333333333	85771.64453125
45.68283333333333	224879.46875
50.611	73456.92578125
45.7775	2357259.8564453125
48.121833333333335	86393.357421875
48.2115	95605.626953125
47.57416666666666	40893.28125
45.65083333333334	111618.890625
47.463	93518.533203125
44.301500000000004	26035.8349609375
46.12516666666667	2.380532474609375E7
42.76533333333334	9523.4775390625
49.864000000000004	53144.740234375
49.626666666666665	87318.5263671875
48.96333333333334	59757.39404296875
50.713	110162.1982421875
49.7755	101936.859375
41.95366666666666	6104.3017578125
41.16016666666667	87085.59375
47.41016666666667	82302.2421875
42.8885	14336.515625
46.155499999999996	2.1926151587890625E7
48.679833333333335	72377.7412109375
50.535999999999994	24083.3359375
42.10216666666667	32133.5810546875
46.974666666666664	1867814.1298828125
45.910999999999994	1.2965209596679688E7
50.00716666666666	23101.4013671875
49.090333333333334	71712.68115234375
47.33683333333333	131066.234375
41.868500000000004	28112.306640625
44.090333333333334	0.0
44.465333333333334	8827.388671875
45.618500000000004	59869.80859375
42.3085	8293.208984375
42.667500000000004	7047.28125
43.042500000000004	10892.8134765625
43.37733333333333	18940.998046875
46.654333333333334	2574388.8803710938
50.3755	45684.6171875
46.0005	2.4564361767578125E7
49.80266666666667	98054.77734375
48.029333333333334	118113.8330078125
41.395833333333336	41670.0546875
48.64	89798.650390625
49.8275	68657.025390625
45.112833333333334	14376.6845703125
50.291000000000004	42381.6640625
43.345	18080.61328125
41.751999999999995	15337.048828125
48.832166666666666	66668.4697265625
45.01016666666667	8291.4912109375
48.939499999999995	62213.25146484375
49.48283333333333	75906.166015625
41.26016666666667	66661.013671875
41.67833333333333	44749.353515625
43.55333333333333	10361.93359375
47.07516666666667	1290406.25
45.38416666666667	12201.04296875
46.292833333333334	1.360172083984375E7
47.105333333333334	1017570.8125
47.730333333333334	137669.57421875
48.185500000000005	87223.681640625
45.143	11748.833984375
44.5925	17888.15234375
44.8425	6425.6611328125
46.92016666666667	1997311.9853515625
48.55233333333333	73572.8427734375
42.60766666666667	7251.37939453125
42.20466666666667	10578.34765625
45.065333333333335	21642.181640625
45.45466666666667	6636.16064453125
49.50866666666666	94118.62109375
41.51466666666667	44147.255859375
41.783500000000004	9757.458984375
49.1725	66774.1484375
48.991	67321.70703125
44.937	15320.033203125
46.4225	6377961.2626953125
49.229166666666664	44686.6845703125
44.25866666666666	12687.744140625
41.5475	43674.478515625
47.25866666666666	115061.44921875
50.40466666666667	47024.44921875
42.42166666666667	18255.3056640625
45.84066666666667	5478618.28125
50.22566666666667	23105.6904296875
50.66316666666667	79737.853515625
51.03816666666667	57955.4541015625
45.48416666666667	6693.0
47.504	68872.2763671875
47.85916666666667	81410.3544921875
43.315000000000005	25307.365234375
49.318999999999996	50035.40625
44.002500000000005	11208.0048828125
44.43333333333333	0.0
49.97683333333334	48755.61474609375
47.901500000000006	118551.3447265625
49.11783333333334	51367.646484375
50.339000000000006	78826.228515625
43.52033333333333	28570.5654296875
50.587833333333336	63884.560546875
48.712833333333336	66310.01025390625
43.435833333333335	18057.19140625
49.89416666666667	52282.494140625
49.34283333333334	22007.09375
41.4865	27352.3291015625
50.5095	51082.498046875
42.3615	20662.6669921875
46.2365	1.6465944274414062E7
41.36966666666667	45038.494140625
48.57933333333334	82505.33203125
49.060833333333335	69749.75610351562
42.79633333333334	5293.47216796875
45.35883333333334	7341.48779296875
45.711	422772.0
42.15233333333333	25208.767578125
46.85966666666666	2198059.29296875
49.199333333333335	48592.685546875
50.84916666666666	124133.90234375
41.573499999999996	54145.34375
47.78666666666666	105076.076171875
49.27733333333333	40124.3056640625
50.17216666666666	48937.09765625
48.42133333333334	86236.7587890625
46.31233333333333	1.170744383984375E7
46.56233333333333	3097271.5458984375
41.58633333333333	21738.58984375
49.700833333333335	121931.2021484375
50.19883333333333	20314.23046875
41.82383333333333	51125.09619140625
42.638333333333335	19214.9951171875
42.690666666666665	3735.9482421875
41.9725	18265.46484375
43.147166666666664	11277.021484375
43.584666666666664	29306.38671875
49.92583333333334	52842.197265625
45.166333333333334	25752.3125
46.101	2.51268333359375E7
48.881166666666665	60633.091796875
45.81716666666667	3728294.6337890625
45.51649999999999	17716.4970703125
49.6475	133040.232421875
50.9315	83032.740234375
47.0435	1528693.978515625
47.9185	100677.68603515625
49.01033333333333	57258.908203125
48.741499999999995	78294.103515625
48.290166666666664	102378.00390625
46.540166666666664	3518920.522216797
47.290166666666664	136445.75
49.4185	51739.33447265625
41.06466666666667	170044.921875
43.202999999999996	20115.0419921875
50.96816666666667	90774.775390625
46.766333333333336	2342305.0825195312
45.75216666666667	1413303.875
47.67433333333334	98098.9609375
46.8335	2339580.412109375
47.2085	255119.484375
50.88283333333333	95564.71142578125
45.27133333333334	6536.67431640625
49.9585	45417.4462890625
45.73583333333333	798770.0771484375
49.37716666666667	33820.5078125
41.92333333333333	25768.775390625
47.59316666666667	46695.8515625
48.774166666666666	65994.8359375
46.948166666666665	1965971.3076171875
48.50516666666667	66418.927734375
47.969833333333334	65167.98046875
43.094833333333334	17912.24609375
46.46633333333333	5282765.279785156
42.4985	10596.1875
41.89383333333333	11114.5166015625
50.09133333333333	31639.498046875
41.99733333333334	14619.6962890625
47.54083333333333	67800.763671875
48.2685	105046.5673828125
47.99916666666666	97517.806640625
48.366166666666665	62993.5205078125
50.678666666666665	113384.265625
42.23766666666667	8210.34765625
47.650999999999996	57955.08203125
41.45116666666667	24089.11328125
49.67550000000001	140872.6728515625
46.49066666666667	4672054.682128906
49.75066666666667	81080.3984375
44.892833333333336	0.0
46.37566666666667	8984262.409179688
47.43816666666667	84004.3935546875
50.8195	136063.00146484375
44.7625	7229.1201171875
48.66733333333333	67268.8935546875
46.20816666666666	1.8636351810546875E7
50.47983333333333	38146.08203125
47.477	89359.7177734375
41.6545	11977.0439453125
44.7895	8335.87890625
41.22483333333333	100739.587890625
43.167	37237.48828125
43.282666666666664	20046.208984375
47.2295	242074.734375
50.1105	39589.7744140625
48.2355	112493.98828125
46.05616666666666	2.6240060072265625E7
50.455666666666666	86121.15234375
50.768166666666666	107745.8134765625
51.018166666666666	67284.8154296875
41.41116666666667	36156.65625
42.1205	15724.1455078125
41.8435	23299.5263671875
48.532666666666664	67937.58544921875
50.03733333333333	7722.09130859375
42.441833333333335	11597.3359375
47.76483333333333	91556.12890625
45.9475	1.8981733959960938E7
43.71666666666667	7197.720703125
42.29266666666667	17237.30078125
50.06133333333333	45522.876953125
49.72166666666667	104684.765625
