721.83805	50.441

47.84733333333334	7978.59814453125
53.51983333333333	325549.15625
53.92183333333333	291898.125
54.65833333333333	187155.734375
49.56883333333334	20378.296875
45.567	5622.6416015625
54.901666666666664	163874.140625
51.3825	8969929.13671875
51.445	8812319.837402344
51.745666666666665	7136814.2734375
53.442	330245.125
54.169333333333334	257791.3330078125
45.88133333333334	4791.2109375
46.71266666666667	17380.955078125
52.430166666666665	4592829.520996094
46.51116666666667	12956.1357421875
50.63433333333333	2.6492834369140625E7
48.3895	5442.73388671875
52.19683333333333	6611443.7646484375
50.4305	3.55445675234375E7
50.5555	3.125848208984375E7
46.68683333333333	12904.01171875
50.24933333333333	1.8837376390625E7
50.31183333333333	2.90302929296875E7
52.99933333333333	896329.4877929688
48.44949999999999	11204.400390625
49.38699999999999	8875.158447265625
47.00933333333333	15680.8056640625
55.35433333333334	129831.49609375
55.20916666666667	133245.8125
50.734833333333334	2.2047907275390625E7
54.538000000000004	171203.265625
47.18833333333334	40989.01171875
48.8565	3467.755126953125
54.44983333333333	146923.375
49.036500000000004	9974.583251953125
50.152166666666666	4084413.8994140625
51.12166666666667	1.0727088705566406E7
51.714666666666666	7535367.880859375
48.90866666666667	3936.05078125
47.125	15229.30078125
46.403666666666666	19369.0625
54.75	150192.736328125
54.875	174205.390625
48.79966666666667	5837.115234375
55.378	120968.02807617188
51.31733333333333	8741524.887207031
53.6605	320349.28125
49.25483333333333	6937.8193359375
46.739333333333335	17970.876953125
46.801833333333335	27902.9423828125
54.051833333333335	253840.10546875
49.600833333333334	22415.654296875
50.99816666666666	1.3270151129882812E7
52.11683333333334	6404963.145019531
53.467666666666666	273623.5625
46.598	14361.67138671875
54.842666666666666	137255.171875
52.6665	2579652.8869628906
45.54116666666666	8909.095703125
48.479	9758.3740234375
50.7915	1.9200662094726562E7
52.80466666666667	1928256.15625
51.92966666666667	6078632.0830078125
50.90683333333333	1.5759104068359375E7
46.63466666666667	20049.185546875
46.88466666666667	12415.107421875
47.949	10158.1220703125
51.644	8305807.4228515625
54.77366666666667	151206.90625
47.696000000000005	13838.115234375
54.349333333333334	215666.203125
47.14866666666667	30009.365234375
46.0815	26128.76171875
51.0685	1.1529609322265625E7
55.0685	133245.328125
53.49533333333333	320226.4375
52.316	5823457.9912109375
54.975	138322.21875
45.593333333333334	10985.5185546875
45.968333333333334	11973.19140625
46.339333333333336	13856.27880859375
49.147333333333336	3298.25048828125
49.530833333333334	27375.765625
51.526833333333336	8834996.798828125
54.718333333333334	142901.53125
51.575500000000005	8565494.887695312
51.763000000000005	7164562.8564453125
52.968333333333334	1043816.375
47.62033333333333	9513.4560546875
45.68283333333333	12089.8076171875
53.784	294404.44677734375
52.743833333333335	2141244.1303710938
50.611	2.905501916796875E7
53.53866666666667	332819.072265625
48.121833333333335	14157.10546875
53.89366666666667	275576.341796875
48.2115	14237.2841796875
47.57416666666666	7713.85107421875
52.8365	1808252.3393554688
45.65083333333334	9170.412109375
51.2265	9646135.979492188
52.89966666666667	1435272.6577148438
46.12516666666667	38077.365234375
51.4905	9110463.885742188
51.6155	8539842.904296875
49.864000000000004	14387.8662109375
54.4005	206439.453125
49.626666666666665	20797.08203125
52.7755	1954065.369140625
54.08833333333334	223348.84228515625
48.96333333333334	3690.09521484375
50.713	2.3870843349609375E7
55.001666666666665	145039.65625
49.7755	0.0
52.564166666666665	3138854.6372070312
53.22816666666667	321772.900390625
51.46966666666666	8883204.385253906
46.155499999999996	18696.171875
55.40716666666666	118869.3125
54.95583333333333	130255.4921875
53.26833333333333	273405.4375
48.679833333333335	3877.3583984375
50.535999999999994	3.2120802385742188E7
46.974666666666664	13607.1669921875
45.910999999999994	16597.298828125
52.06966666666666	6204602.2333984375
50.00716666666666	265359.625
52.46066666666666	4451932.210449219
54.243500000000004	247762.71557617188
54.368500000000004	192689.38330078125
51.14933333333333	1.024760651953125E7
45.618500000000004	12106.6513671875
46.654333333333334	32731.223388671875
50.3755	3.394036034375E7
46.0005	21712.4404296875
52.529333333333334	3694263.1123046875
49.80266666666667	0.0
51.90116666666667	6270635.436035156
48.029333333333334	6902.2255859375
52.86633333333334	1667215.8295898438
53.86633333333334	318163.08154296875
49.8275	10375.681640625
50.291000000000004	2.5530269583007812E7
54.63516666666667	133534.203125
49.48283333333333	5761.8408203125
53.175333333333334	319791.8125
51.362833333333334	8574027.3359375
54.690333333333335	163994.6875
47.730333333333334	19026.546875
51.690333333333335	7909512.967285156
55.155	129400.5625
51.28	9366113.5859375
46.92016666666667	21053.46142578125
48.55233333333333	5810.8994140625
53.11483333333333	439711.75
52.25916666666667	6086900.460449219
49.50866666666666	8761.943359375
49.1725	4551.93603515625
55.126	125449.1875
53.75983333333333	304675.98046875
54.312	248566.234375
46.4225	14157.232421875
52.033500000000004	6219740.731933594
47.25866666666666	28303.765625
53.354166666666664	289939.0
50.40466666666667	3.55494703515625E7
45.84066666666667	8940.55126953125
50.22566666666667	1.3835695012695312E7
50.66316666666667	2.6213437384765625E7
51.03816666666667	1.204496172265625E7
45.48416666666667	15264.4130859375
47.85916666666667	14190.3046875
53.255833333333335	259869.859375
52.722166666666666	2240990.01171875
53.972166666666666	232626.8671875
49.97683333333334	164913.125
52.49283333333334	4067211.705078125
49.11783333333334	7882.5634765625
50.339000000000006	3.14087118984375E7
51.093833333333336	1.1039313526367188E7
53.087833333333336	483249.4375
50.587833333333336	3.0309823927734375E7
48.712833333333336	4141.341796875
49.89416666666667	24288.12890625
52.21783333333334	6372629.0390625
54.55716666666667	184655.984375
50.5095	3.35793553046875E7
55.27183333333333	127213.359375
51.95933333333333	5859217.4501953125
46.2365	9207.8896484375
48.57933333333334	10033.978515625
49.060833333333335	5890.77099609375
51.54483333333334	8766557.254882812
53.998333333333335	220982.90625
45.711	11426.857421875
54.93733333333333	127438.78125
46.85966666666666	6006.45751953125
54.199333333333335	239524.55224609375
54.511833333333335	157677.7373046875
52.635999999999996	2642457.9965820312
53.948499999999996	272999.56396484375
50.84916666666666	1.6993276727539062E7
47.78666666666666	7338.70849609375
50.17216666666666	6813474.9892578125
53.69583333333333	334396.68017578125
48.42133333333334	8231.953125
52.16283333333333	6450610.787597656
46.31233333333333	10676.9833984375
46.56233333333333	11769.6337890625
49.700833333333335	19371.302734375
50.19883333333333	9693954.024414062
53.6825	354668.09765625
49.92583333333334	22769.82421875
53.299499999999995	337931.21875
46.101	24531.6015625
55.031666666666666	142176.03125
45.81716666666667	7418.7744140625
45.51649999999999	7247.1025390625
55.18066666666667	143054.765625
52.39149999999999	5276723.900878906
49.6475	10991.162109375
51.853833333333334	6172911.2119140625
50.9315	1.49711430078125E7
47.0435	27579.173828125
49.01033333333333	5687.27099609375
53.81283333333333	293699.24560546875
48.741499999999995	7746.94140625
48.290166666666664	6375.06005859375
51.803999999999995	6840039.5078125
53.32283333333333	315468.27294921875
53.744	327384.53125
46.540166666666664	27582.955078125
49.4185	4775.5478515625
52.602999999999994	2928796.5961914062
50.96816666666667	1.4268653713867188E7
46.766333333333336	28229.197265625
45.75216666666667	6122.75537109375
54.28066666666667	226598.96875
46.8335	41714.11328125
47.2085	16825.98046875
50.88283333333333	1.6579295708984375E7
49.9585	52260.68359375
45.73583333333333	8584.431640625
49.37716666666667	3843.316162109375
51.202999999999996	9542920.779296875
51.87866666666666	6370716.640625
54.81466666666667	153727.0625
51.25183333333334	8974847.802734375
48.774166666666666	4344.052734375
53.37683333333334	350669.8125
46.948166666666665	21308.591796875
48.50516666666667	10939.8046875
51.18266666666667	9981719.917480469
52.9345	1274557.3530273438
53.0595	544913.2231445312
47.969833333333334	6133.861328125
52.68266666666667	2311793.0268554688
46.46633333333333	11500.92578125
52.287666666666674	6042907.2822265625
50.09133333333333	1259578.29296875
54.035333333333334	266936.2373046875
55.30016666666667	131322.359375
51.331	9262578.612304688
55.428666666666665	125128.70556640625
47.99916666666666	7055.2744140625
48.366166666666665	6102.0576171875
50.678666666666665	2.3888143060546875E7
51.827666666666666	6714976.602050781
53.149499999999996	316966.5625
54.149499999999996	255321.40551757812
54.586999999999996	170592.0625
55.24733333333334	123881.453125
53.202666666666666	343753.0625
53.0295	693843.25
49.67550000000001	15575.8544921875
46.49066666666667	13563.31591796875
54.233	251316.71020507812
54.608	155349.890625
46.37566666666667	4927.0498046875
47.43816666666667	25583.88671875
55.10566666666667	160056.671875
50.8195	1.8730889083984375E7
54.42816666666667	185477.53125
48.66733333333333	12687.3720703125
46.20816666666666	27635.40625
50.47983333333333	3.5037524806640625E7
47.2295	13657.5107421875
50.1105	2283891.1806640625
53.8435	323223.234375
46.05616666666666	8043.216796875
50.455666666666666	3.6064046265625E7
50.768166666666666	2.11722177578125E7
51.018166666666666	1.2539601609375E7
51.9955	6172891.9697265625
52.098333333333336	6022367.765625
53.410833333333336	254808.8125
54.11866666666666	213062.140625
48.532666666666664	4299.0283203125
50.03733333333333	505566.6474609375
51.41233333333333	9091255.988769531
51.66233333333333	8258174.561035156
52.352333333333334	5658377.6494140625
53.595166666666664	356271.6845703125
54.477333333333334	199982.5625
47.76483333333333	11620.38671875
45.9475	14328.6474609375
53.635	307724.53125
50.06133333333333	748597.5849609375
53.57733333333333	298722.0625
49.72166666666667	16530.494140625
55.32733333333333	122173.69580078125
