708.36534	49.869

48.0525	73204.2705078125
47.84733333333334	56967.912109375
53.51983333333333	3994964.49609375
53.92183333333333	3503121.548828125
54.65833333333333	161893.04736328125
46.183166666666665	32967.08056640625
45.195	28687.701171875
49.56883333333334	8632776.678710938
45.567	5582.904296875
51.3825	2065403.3232421875
51.445	1683091.9018554688
51.745666666666665	737010.375
53.442	2780578.525390625
54.169333333333334	1805192.2758789062
45.88133333333334	7831.841796875
46.71266666666667	5820.3076171875
52.430166666666665	278118.15625
46.51116666666667	3748.171875
50.63433333333333	4155741.140625
48.3895	61714.0390625
52.19683333333333	393921.943359375
50.4305	4993004.3349609375
50.5555	4598220.16796875
46.68683333333333	9601.98193359375
50.24933333333333	9029779.711914062
50.31183333333333	6944561.876953125
49.4545	1452739.1000976562
45.3055	22910.09228515625
52.99933333333333	140487.921875
48.44949999999999	74019.7548828125
49.38699999999999	466145.50390625
47.00933333333333	14602.423828125
50.734833333333334	3940163.083984375
54.538000000000004	294829.49609375
47.807	30398.9765625
45.413000000000004	7047.24609375
54.44983333333333	460427.64697265625
49.036500000000004	23449.9150390625
50.152166666666666	1.8779202055664062E7
51.12166666666667	3821422.5517578125
51.714666666666666	848686.8408203125
46.024833333333326	25880.830078125
48.34616666666667	95012.669921875
48.90866666666667	4153.82421875
46.403666666666666	13550.2568359375
54.75	145549.9453125
45.43416666666667	8401.552734375
48.61216666666667	40355.1318359375
48.79966666666667	23874.25390625
51.31733333333333	2525135.56640625
53.6605	5053556.388671875
49.25483333333333	55120.49169921875
46.739333333333335	9366.021484375
46.801833333333335	27799.4765625
54.051833333333335	2473169.7939453125
49.600833333333334	1.2882855662109375E7
45.253	22656.1396484375
50.99816666666666	3562956.7626953125
52.11683333333334	527713.625
45.0355	27608.20703125
53.467666666666666	3299649.78125
46.598	9719.91943359375
54.842666666666666	103673.20556640625
52.6665	254278.59375
45.54116666666666	14571.01611328125
48.479	60129.818359375
50.7915	3788851.1103515625
52.80466666666667	230581.73388671875
48.141666666666666	116993.7626953125
51.92966666666667	650657.2578125
50.90683333333333	3822508.658203125
46.63466666666667	8021.65869140625
46.88466666666667	14205.66650390625
48.084500000000006	61299.927734375
47.949	83800.43359375
51.644	1054859.6357421875
54.77366666666667	140399.6279296875
47.696000000000005	7984.39892578125
54.349333333333334	980327.8569335938
46.0815	55020.1962890625
51.0685	3744649.884765625
53.49533333333333	3567470.044921875
52.316	398000.66455078125
46.263000000000005	25219.1181640625
48.316	75830.8642578125
45.968333333333334	30619.21484375
46.339333333333336	21879.30908203125
49.147333333333336	41609.3095703125
49.530833333333334	5859525.999511719
51.526833333333336	1347669.3896484375
54.718333333333334	135787.390625
51.575500000000005	1022190.8125
51.763000000000005	780945.396484375
52.968333333333334	145114.484375
47.62033333333333	11833.234375
45.68283333333333	9670.189453125
53.784	4618833.914550781
52.743833333333335	234297.734375
50.611	4373207.08984375
45.09	10298.7158203125
45.7775	28871.5576171875
53.53866666666667	4371080.82421875
48.121833333333335	57969.52197265625
53.89366666666667	3983263.365234375
48.2115	78937.9423828125
52.8365	203884.69702148438
45.65083333333334	0.0
47.463	9077.94140625
51.2265	3159072.7353515625
52.89966666666667	171966.0625
46.12516666666667	35361.4228515625
51.4905	1471849.0927734375
51.6155	1025250.375
49.864000000000004	3.593789877734375E7
54.4005	733375.375
49.626666666666665	1.6669279517578125E7
52.7755	222138.984375
54.08833333333334	2255969.0107421875
48.96333333333334	20966.287109375
50.713	3943024.953125
49.7755	3.24242622890625E7
52.564166666666665	245849.19580078125
53.22816666666667	310765.89013671875
47.41016666666667	12776.4208984375
51.46966666666666	1491948.9741210938
46.155499999999996	34867.662109375
53.26833333333333	667044.31640625
48.679833333333335	29175.35595703125
50.535999999999994	4672700.6162109375
46.974666666666664	20061.43359375
45.910999999999994	32557.986328125
52.06966666666666	505990.15625
50.00716666666666	3.24409165078125E7
52.46066666666666	285640.75
49.090333333333334	15719.066650390625
54.243500000000004	1358803.22265625
54.368500000000004	873345.0239257812
51.14933333333333	3634733.4091796875
45.618500000000004	15943.0244140625
46.654333333333334	10397.7705078125
50.3755	5837791.6328125
46.0005	41780.7724609375
52.529333333333334	263075.5625
49.80266666666667	3.41674593125E7
51.90116666666667	730885.875
48.029333333333334	94034.345703125
52.86633333333334	202934.59375
53.86633333333334	4260027.333496094
48.64	46054.798828125
49.8275	3.475308857910156E7
45.112833333333334	18662.9306640625
50.291000000000004	7720769.4111328125
48.832166666666666	9539.11328125
54.63516666666667	155409.29296875
45.01016666666667	27294.24658203125
48.939499999999995	7312.56689453125
49.48283333333333	2007098.125
53.175333333333334	173580.5703125
47.07516666666667	15416.5888671875
51.362833333333334	2258158.3779296875
44.87116666666667	21671.1220703125
54.690333333333335	138595.546875
45.38416666666667	5180.01025390625
46.292833333333334	35956.09716796875
47.730333333333334	26292.83203125
51.690333333333335	836583.6040039062
48.185500000000005	96799.4921875
45.143	5340.01953125
51.28	3153056.90625
46.92016666666667	17864.736328125
48.55233333333333	36442.296875
53.11483333333333	108056.09375
45.065333333333335	27446.68359375
52.25916666666667	346171.6259765625
45.45466666666667	14565.296875
49.50866666666666	3317114.9106445312
49.1725	37697.4873046875
48.991	18060.1884765625
53.75983333333333	4843039.0205078125
44.937	4933.07568359375
54.312	1191120.3569335938
46.4225	6659.83203125
49.229166666666664	57124.39453125
52.033500000000004	530151.2368164062
53.354166666666664	1523695.7509765625
50.40466666666667	5383684.7421875
45.84066666666667	22687.86767578125
50.22566666666667	1.0970736611328125E7
50.66316666666667	4211061.435546875
51.03816666666667	4015885.802734375
45.48416666666667	5000.423828125
47.504	12042.41796875
47.85916666666667	60503.4375
53.255833333333335	411679.21875
52.722166666666666	223956.515625
53.972166666666666	3188400.6806640625
49.318999999999996	166040.080078125
49.97683333333334	3.3151204943359375E7
52.49283333333334	250011.25
47.901500000000006	47102.0419921875
49.11783333333334	11532.025390625
50.339000000000006	6178008.640625
51.093833333333336	3847762.5400390625
53.087833333333336	114038.078125
50.587833333333336	4289684.119140625
48.712833333333336	22317.30126953125
49.89416666666667	3.5539686322265625E7
52.21783333333334	390195.5166015625
54.55716666666667	191509.25390625
49.34283333333334	186734.73950195312
50.5095	4750496.1279296875
44.9865	32700.4521484375
51.95933333333333	599184.1198730469
46.2365	22965.64453125
48.57933333333334	46975.48095703125
49.060833333333335	9278.89453125
51.54483333333334	1154977.39453125
53.998333333333335	2910046.5766601562
44.961	17242.095703125
45.35883333333334	7199.68798828125
45.711	9508.2548828125
46.85966666666666	21397.85791015625
54.199333333333335	1737915.9243164062
54.511833333333335	348998.40234375
52.635999999999996	265938.3671875
53.948499999999996	3300362.3955078125
49.199333333333335	47307.07666015625
50.84916666666666	3961487.396484375
47.78666666666666	34216.2158203125
49.27733333333333	105818.224609375
50.17216666666666	1.6265434307617188E7
53.69583333333333	4979994.58984375
48.42133333333334	66927.90966796875
52.16283333333333	403413.86572265625
46.31233333333333	21334.505859375
46.56233333333333	6356.27197265625
49.700833333333335	2.528726029296875E7
50.19883333333333	1.3575354142578125E7
53.6825	5151902.958984375
49.92583333333334	3.5474633900390625E7
53.299499999999995	849589.689453125
45.166333333333334	24290.4765625
46.101	44433.8291015625
48.881166666666665	7427.9736328125
45.81716666666667	23963.9599609375
45.51649999999999	20156.1953125
52.39149999999999	265124.44677734375
49.6475	1.994114766015625E7
51.853833333333334	670776.9028320312
50.9315	3994924.1274414062
47.0435	9456.5087890625
47.9185	58997.37744140625
49.01033333333333	7340.0615234375
53.81283333333333	4523941.57421875
48.741499999999995	21036.723388671875
48.290166666666664	110871.78662109375
51.803999999999995	740892.5009765625
53.32283333333333	1155050.4140625
53.744	5040305.857421875
46.540166666666664	9866.60205078125
47.290166666666664	9966.173828125
49.4185	791762.0639648438
52.602999999999994	252358.2275390625
50.96816666666667	3859070.1669921875
46.766333333333336	14364.5478515625
45.75216666666667	14322.25
54.28066666666667	1221738.1369628906
46.8335	27481.55908203125
47.2085	17664.34375
50.88283333333333	3633602.134765625
45.27133333333334	6788.9736328125
49.9585	3.4499363373046875E7
45.73583333333333	16121.57421875
49.37716666666667	292157.46044921875
51.202999999999996	3294589.494140625
51.87866666666666	625544.0627441406
54.81466666666667	119802.83203125
51.25183333333334	3120509.48046875
48.774166666666666	22680.52587890625
53.37683333333334	1884062.8037109375
46.948166666666665	23200.072265625
48.50516666666667	43002.50244140625
51.18266666666667	3482930.2421875
52.9345	158566.53125
53.0595	159881.421875
47.969833333333334	46195.8818359375
52.68266666666667	293500.6845703125
46.46633333333333	12792.09326171875
52.287666666666674	322230.68505859375
50.09133333333333	2.5396874787109375E7
54.035333333333334	2762092.0732421875
47.54083333333333	9791.873046875
51.331	2510883.4404296875
48.2685	89653.48828125
47.99916666666666	74322.97265625
48.366166666666665	92448.10791015625
50.678666666666665	3877782.470703125
47.650999999999996	24237.810546875
51.827666666666666	783517.8374023438
53.149499999999996	163811.9765625
54.149499999999996	1965461.34375
54.586999999999996	254401.3779296875
53.202666666666666	233672.5390625
53.0295	127964.0
49.67550000000001	2.40053004375E7
46.49066666666667	6367.33984375
49.75066666666667	3.054950189453125E7
54.233	1473561.109375
54.608	185415.00341796875
44.892833333333336	14028.94921875
46.37566666666667	18978.8134765625
47.43816666666667	14420.6552734375
50.8195	3827908.7407226562
54.42816666666667	727125.359375
48.66733333333333	29647.122802734375
46.20816666666666	23983.63671875
50.47983333333333	5117937.828125
47.477	8747.185546875
47.2295	26849.458984375
50.1105	2.2856207462890625E7
48.2355	73012.8203125
53.8435	4275295.533203125
46.05616666666666	43042.466796875
50.455666666666666	5051501.7158203125
50.768166666666666	4175074.216796875
51.018166666666666	4125939.6381835938
51.9955	540076.2094726562
52.098333333333336	503067.7556152344
53.410833333333336	2375886.6176757812
54.11866666666666	2076968.5854492188
48.532666666666664	27712.14453125
50.03733333333333	3.022387681640625E7
51.41233333333333	1908749.3359375
51.66233333333333	928236.4028320312
52.352333333333334	332773.25
53.595166666666664	4930242.4052734375
54.477333333333334	509166.6669921875
47.76483333333333	56140.693359375
45.9475	18945.0419921875
53.635	5036317.31640625
50.06133333333333	2.7368120459960938E7
53.57733333333333	4730818.193359375
49.72166666666667	2.810827934375E7
