838.9276	25.298

25.698500000000003	2.1958789505859375E7
22.987166666666667	4389.904296875
27.449333333333335	1087820.65234375
27.511833333333335	1061857.8837890625
25.5995	2.5724878439453125E7
23.5095	6625.677734375
30.037	372663.1845703125
24.567333333333334	13150.125
30.177	373425.28125
25.383333333333333	3.097225519140625E7
28.100833333333334	514564.8125
26.609666666666666	1861509.8295898438
27.484666666666666	1030677.0625
23.842666666666666	7284.28759765625
29.195833333333333	418992.9404296875
24.283666666666665	8674.98046875
28.403666666666666	524143.53125
25.994666666666667	8605757.427734375
24.15533333333333	4012.876708984375
25.171333333333333	2.91751304296875E7
27.34283333333333	1218236.224609375
27.9375	717527.125
24.336166666666667	5424.62548828125
25.723166666666668	2.0035562875E7
30.112000000000002	388332.75
28.022	569317.3095703125
25.226	3.0060890427734375E7
24.084999999999997	8272.7548828125
25.684	2.304007362890625E7
29.004666666666665	374601.9375
27.884666666666664	767480.8125
23.334833333333332	13607.5263671875
25.196	2.9926595791015625E7
28.579	423206.3125
29.8375	429742.375
25.255999999999997	3.123195272265625E7
26.1365	4831495.220703125
26.7615	1830830.6455078125
27.525	1028442.6875
24.4	13764.271484375
24.448833333333333	5123.8916015625
29.575833333333332	416879.46875
25.31566666666667	3.1850047359375E7
23.209666666666667	12166.140625
27.37816666666667	1137900.3198242188
25.4085	3.14504091015625E7
29.297	442259.875
29.3595	399361.28515625
24.183833333333332	4745.796875
30.209666666666667	388472.6875
29.488333333333333	388392.03125
29.076666666666664	312543.65625
29.514166666666664	372110.65625
26.04866666666667	6733260.7265625
27.728666666666665	903372.234375
21.389	8898.853515625
29.103666666666665	348765.875
27.554666666666666	966248.9692382812
29.86116666666667	421238.9677734375
20.438499999999998	22935.00390625
29.256333333333334	379876.46875
24.473833333333335	4606.05517578125
29.900166666666667	356142.90625
23.458000000000002	6256.62353515625
23.151666666666664	19576.654296875
25.36	3.139183338671875E7
27.229166666666668	1368523.3735351562
26.526333333333334	1741546.875
30.05816666666667	386431.0
25.7545	1.8746947708984375E7
27.026333333333334	1569906.8061523438
27.7545	860859.7807617188
29.99566666666667	367078.96875
30.264666666666667	406399.79931640625
24.37066666666667	5364.015625
30.289166666666667	446732.4375
25.789166666666667	1.713433808984375E7
26.340500000000002	2352517.25
25.485166666666665	2.91826005234375E7
24.908333333333335	9693633.125976562
25.0215	2.350338951953125E7
27.112333333333332	1458595.921875
27.142999999999997	1503051.4130859375
26.509166666666665	1834672.75
27.78483333333333	975226.4140625
27.582333333333334	975342.9375
29.707333333333334	417949.28125
27.19633333333333	1513783.6787109375
26.555333333333333	1810468.6391601562
28.180333333333333	636608.0625
28.805333333333333	440784.25
29.46033333333333	370081.53125
29.92233333333333	321909.46875
26.423833333333334	1980012.4736328125
26.315166666666666	2407691.576171875
29.2255	410079.21875
24.599	13283.7919921875
29.683333333333334	401719.03125
28.120833333333334	541101.75
23.400333333333332	25784.6357421875
23.9015	5156.96044921875
28.449833333333334	476851.93212890625
24.6515	49323.07421875
27.962833333333332	657293.25
26.962833333333332	1827340.9477539062
24.125833333333333	5950.84765625
30.093833333333336	406813.21875
23.431833333333334	20830.06005859375
29.8055	378338.5625
26.779666666666667	1812694.55859375
28.895166666666668	396390.375
24.1995	6337.974609375
26.262	2817966.2216796875
26.0825	6039534.833984375
28.729333333333333	497997.1572265625
24.698666666666668	96387.484375
24.671666666666667	69273.140625
27.819000000000003	865450.1875
24.499333333333333	16071.451171875
26.1915	3837069.298828125
27.859166666666667	947125.2563476562
27.607166666666668	977111.357421875
25.618499999999997	2.4357813146484375E7
25.805999999999997	1.653014124609375E7
29.953333333333333	391470.4345703125
27.642833333333332	996755.62890625
28.770666666666667	404635.6875
30.1375	389959.21875
20.346833333333333	6237.5869140625
29.3875	406822.85693359375
27.083166666666667	1651915.8447265625
29.601999999999997	386480.71875
28.506666666666668	506094.4375
23.480666666666664	8153.16552734375
27.803166666666666	940476.3125
20.381666666666668	15384.24609375
28.8725	406441.875
26.9445	1761105.3266601562
25.9445	1.0372560749023438E7
26.105666666666664	5137620.26171875
28.942999999999998	434646.3125
27.656166666666664	844109.75
28.218666666666664	550274.5
25.567999999999998	2.6332983625E7
27.255499999999998	1321554.328125
25.441666666666666	3.047319036328125E7
27.05483333333333	1716756.0
28.487666666666666	423328.43359375
26.86733333333333	1878044.09765625
28.651	477959.375
25.918	1.170078295703125E7
26.39816666666667	2034669.37890625
28.30483333333333	553217.125
29.3995	412674.615234375
25.03966666666667	2.4894706759765625E7
29.9735	348718.546875
21.540833333333335	9199.0107421875
24.624166666666667	25013.240234375
29.167166666666667	459028.34375
26.01966666666667	7929525.3671875
29.322666666666667	430989.96875
28.08216666666667	565833.125
29.654166666666665	347573.71875
26.669500000000003	1831257.998046875
28.341666666666665	530912.6875
25.9785	9761121.533203125
26.216666666666665	3298408.9013671875
26.291	2413964.4375
29.782500000000002	335219.40625
26.639833333333335	1809985.28515625
23.273333333333333	25362.36962890625
24.767333333333333	373523.8125
25.096999999999998	2.72898934375E7
25.517333333333333	2.6951930474609375E7
28.752	433376.9375
27.9925	666067.5
28.047833333333333	591942.5
28.672833333333333	521449.13623046875
27.313	1214986.5
23.656	6988.310546875
28.69183333333333	476963.9375
26.830666666666666	1968936.4458007812
27.156	1554923.875
23.098666666666666	17594.2744140625
23.308	17235.76611328125
29.132333333333335	468439.021484375
29.624000000000002	415336.21875
28.265	554358.875
26.477333333333334	1853889.8295898438
28.537333333333333	492748.875
28.973333333333336	403581.46875
25.838666666666665	1.568728582421875E7
26.4465	2010382.546875
28.556166666666666	457622.75
24.993666666666666	2.1125928421875E7
26.166999999999998	4242051.939453125
26.695333333333334	1786471.5703125
20.548333333333336	12105.4775390625
29.76383333333333	394050.46875
25.333833333333335	3.17610899921875E7
27.420833333333334	1109247.96484375
28.324166666666667	503849.5625
29.5485	417743.34375
29.0275	427663.34716796875
24.828	1473040.625
29.736833333333333	359723.84375
23.176166666666667	8197.9296875
26.8905	1765859.0004882812
27.290333333333333	1376070.166015625
24.424333333333333	6096.27197265625
24.727833333333333	180139.28125
26.236666666666668	2961125.455078125
29.266333333333332	417958.4375
26.738666666666667	1995227.25
28.236666666666668	644602.1318359375
27.921	801356.375
27.69783333333333	968742.517578125
24.225	5413.33056640625
24.88533333333333	5546527.617675781
25.869000000000003	1.404406419140625E7
24.937833333333334	1.4151909263671875E7
28.915000000000003	392449.06640625
28.378333333333334	485933.0625
20.4125	9111.4892578125
28.615333333333336	451069.3154296875
23.37366666666667	12840.44140625
23.051666666666666	7740.15087890625
26.381833333333336	2073949.884765625
28.431333333333335	421008.90625
30.243833333333335	421800.8125
25.276833333333332	3.0863181921875E7
25.538833333333333	2.673937359765625E7
26.989166666666666	1553789.1811523438
28.839333333333332	525207.634765625
24.853166666666667	2738615.9365234375
24.798166666666667	672861.375
27.4055	1062884.75
25.075333333333333	2.5718248771484375E7
25.468	2.942861854296875E7
26.923166666666667	1740126.8701171875
24.968	1.8504558983398438E7
25.150666666666666	2.8614925587890625E7
23.594833333333334	6176.3876953125
25.649166666666666	2.40642053125E7
23.351499999999998	19899.109375
23.241666666666667	10837.828125
25.883166666666668	1.3278470625E7
24.532333333333334	10346.0
26.58716666666667	1886744.701171875
26.81433333333333	1870904.0
29.0595	392773.84375
29.432666666666666	369253.21875
25.113833333333332	2.7524241765625E7
23.122	13233.693359375
28.15083333333333	571255.8125
