516.25065	20.88

22.128	607318.2900390625
25.698500000000003	105166.056640625
20.660500000000003	1028907.873046875
18.442333333333334	9171.34765625
22.619833333333336	389512.798828125
22.987166666666667	338159.82666015625
25.5995	88547.69921875
23.5095	206063.3017578125
24.307333333333336	101550.54638671875
24.567333333333334	188048.01879882812
19.80183333333333	24414.8095703125
20.48933333333333	166769.9150390625
25.383333333333333	178442.2373046875
23.842666666666666	122876.85693359375
21.09283333333333	2.1026921841796875E7
20.21783333333333	312941.48193359375
24.283666666666665	148356.4521484375
21.024833333333333	3.1296714215820312E7
24.15533333333333	140895.1435546875
25.171333333333333	194242.19140625
19.435833333333335	4224.994140625
17.326833333333333	1741.276611328125
18.076833333333333	8600.2587890625
24.336166666666667	134018.0908203125
22.34416666666667	480936.248046875
25.723166666666668	177145.529296875
22.6795	302168.74072265625
23.073333333333334	267996.34765625
22.019000000000002	553621.1875
25.226	141920.7001953125
20.079	151722.228515625
24.084999999999997	143367.3505859375
25.684	194573.55859375
20.999666666666666	3.381223762792969E7
20.6335	432543.4599609375
21.571	1920639.4990234375
23.334833333333332	293538.48388671875
25.196	160023.76953125
23.5385	185423.4267578125
23.7885	140308.9873046875
25.255999999999997	198539.62109375
20.317166666666665	281895.84033203125
21.478833333333334	1963610.5625
21.746666666666666	960147.896484375
24.4	149843.58374023438
22.254666666666665	499071.8466796875
23.684166666666666	166849.328125
23.621333333333332	215863.60693359375
24.448833333333333	138120.05908203125
25.31566666666667	178281.73828125
23.209666666666667	321246.67822265625
20.9165	4.398307959667969E7
25.4085	114202.17578125
22.888333333333332	310441.15966796875
22.9165	268250.27685546875
18.479	0.0
21.418833333333335	1766893.0546875
24.183833333333332	153535.21728515625
20.454166666666666	184548.9833984375
19.11116666666667	7350.3818359375
21.954166666666666	792107.828125
18.516666666666666	3670.19580078125
18.014166666666664	6103.9326171875
21.389	1765838.533203125
17.594333333333335	1639.64501953125
19.031833333333335	2108.627685546875
19.781833333333335	34688.80712890625
20.438499999999998	202471.2001953125
20.750999999999998	1.76708458359375E7
19.525166666666667	5053.71875
24.473833333333335	151675.0634765625
24.063499999999998	116493.40576171875
23.458000000000002	191524.8544921875
22.4285	422203.076171875
23.151666666666664	375645.63671875
25.36	176284.03125
20.692	3154498.2573242188
22.776333333333334	294004.29833984375
25.7545	116246.0732421875
24.37066666666667	166548.68139648438
19.342499999999998	2033.949951171875
19.842499999999998	26683.64599609375
19.949666666666666	68403.2080078125
20.512166666666666	137889.75390625
25.789166666666667	102976.2919921875
22.482666666666667	417000.759765625
19.063666666666666	3983.7000732421875
19.876166666666666	48761.53857421875
20.017166666666665	80527.78125
22.642166666666665	361008.177734375
22.376166666666666	415703.7783203125
25.485166666666665	205185.21875
19.582333333333334	12453.9462890625
24.908333333333335	149859.9599609375
25.0215	161214.052734375
17.29283333333333	3604.274658203125
23.864833333333333	165073.1142578125
17.987333333333332	3197.369873046875
21.9755	671467.50390625
18.305333333333333	8582.1171875
22.21033333333333	535135.1796875
22.79416666666667	304256.09326171875
24.599	126618.857421875
23.400333333333332	238678.59228515625
23.9015	148082.65966796875
24.6515	109536.28662109375
23.57016666666667	185327.5869140625
20.2865	279660.0126953125
24.125833333333333	123306.76953125
19.69516666666667	31553.4921875
18.82016666666667	8038.93505859375
21.824833333333334	828835.859375
23.431833333333334	231042.525390625
22.154666666666667	516605.90087890625
23.957666666666668	175627.93505859375
19.75583333333333	16077.12890625
20.975666666666665	3.598677422265625E7
24.1995	155981.6064453125
22.50583333333333	400733.9208984375
22.81833333333333	296157.28271484375
23.75583333333333	176299.73291015625
21.847166666666666	749412.73046875
18.859166666666667	5946.004638671875
20.267	254969.5673828125
23.972166666666666	176840.3564453125
20.607166666666668	188891.62939453125
22.0665	559213.23046875
24.698666666666668	146959.3017578125
22.9705	281065.62353515625
24.671666666666667	136407.77587890625
24.499333333333333	140960.82421875
22.05	637447.1513671875
22.104333333333333	526491.5107421875
19.55	15593.763671875
17.460500000000003	3218.40087890625
25.618499999999997	207414.265625
25.805999999999997	124621.48046875
19.1545	2011.22998046875
16.407633333333333	1692.4017333984375
21.664499999999997	1396645.1396484375
21.688166666666667	1199742.9086914062
20.346833333333333	282708.8173828125
22.55666666666667	444691.43896484375
23.480666666666664	230506.4267578125
21.06	2.6878980921875E7
21.3725	2059899.5791015625
19.49416666666667	4019.396484375
20.381666666666668	246091.58740234375
20.803166666666666	3.926403620703125E7
19.417333333333332	7167.341796875
18.131666666666668	2652.19775390625
23.729833333333332	174575.32275390625
25.567999999999998	150870.443359375
25.441666666666666	205483.859375
19.64333333333333	25539.235107421875
22.581	314607.0576171875
21.28966666666667	2404420.654296875
20.578500000000002	126917.87548828125
21.444666666666667	1806623.181640625
22.22716666666667	469599.4375
18.999166666666667	2963.099609375
25.03966666666667	189480.853515625
21.540833333333335	1928730.0922851562
24.624166666666667	145854.92114257812
22.309833333333334	423056.36083984375
23.716666666666665	152540.859375
22.8535	271915.2490234375
19.091666666666665	5319.580078125
18.279166666666665	6017.169189453125
18.654166666666665	1870.431640625
22.178333333333335	528433.3642578125
21.200166666666668	6116332.8720703125
19.2285	4252.6019287109375
22.447666666666667	436609.7724609375
24.041	150760.9677734375
17.135166666666667	1317.5015869140625
21.346999999999998	1924899.20703125
23.273333333333333	239792.51806640625
21.784166666666668	815171.5834960938
24.252	151569.77734375
18.889833333333335	1970.7396240234375
24.767333333333333	130368.62451171875
25.096999999999998	167091.990234375
25.517333333333333	231182.3984375
19.471666666666668	12283.72314453125
19.612833333333334	25621.443359375
20.132333333333335	224515.5849609375
20.944833333333335	3.952798794140625E7
17.958333333333332	2922.30029296875
23.656	176284.68359375
20.781	3.0172808690429688E7
23.098666666666666	258756.2314453125
18.2505	2095.42138671875
19.19183333333333	1839.929931640625
23.308	250849.2109375
19.268166666666666	9249.65234375
19.911166666666666	70436.02783203125
21.177666666666667	8665542.502929688
18.404333333333334	3589.935302734375
21.151166666666665	1.201813602734375E7
20.186500000000002	294493.56884765625
19.720166666666668	16611.25
25.838666666666665	194719.498046875
18.224833333333333	7990.2320556640625
17.491333333333333	2916.7490234375
20.157666666666668	234363.30810546875
24.993666666666666	147492.4287109375
20.548333333333336	129812.197265625
25.333833333333335	165442.146484375
18.18433333333333	5730.11767578125
24.828	117681.68701171875
23.176166666666667	247306.1171875
24.424333333333333	105656.47412109375
24.727833333333333	113240.8564453125
19.378666666666668	2961.110595703125
20.049333333333333	140962.19140625
18.5915	2207.22021484375
23.816166666666668	161433.8193359375
22.7115	346791.9140625
22.941166666666668	292571.0817871094
21.314666666666668	1904114.623046875
24.225	120795.17626953125
24.88533333333333	119088.7109375
25.869000000000003	127412.171875
17.440833333333334	4026.641845703125
24.937833333333334	150799.3779296875
17.7385	1760.2530517578125
23.915166666666668	133915.12646484375
22.744000000000003	353956.0244140625
18.929	3991.5244140625
20.4125	254071.8115234375
21.26033333333333	2878911.6875
21.51033333333333	1776715.8642578125
23.37366666666667	229703.75341796875
23.051666666666666	287914.42578125
19.668499999999998	40936.70703125
21.633	1518789.9921875
21.2215	3656743.88671875
24.008	147144.61572265625
25.276833333333332	196354.712890625
25.538833333333333	169471.119140625
19.983166666666666	80238.64111328125
20.830166666666667	4.3652032099609375E7
20.108166666666666	258122.91650390625
24.853166666666667	153881.0498046875
24.798166666666667	103928.2392578125
25.075333333333333	142921.2294921875
25.468	136802.5234375
24.968	92859.875
22.528833333333335	359140.1640625
20.721333333333334	7717479.3203125
22.283833333333334	440126.4375
17.53533333333333	2452.99365234375
18.09783333333333	5232.75341796875
25.150666666666666	211841.828125
21.907333333333334	637807.66796875
21.601499999999998	1830600.142578125
21.77466666666667	818370.27734375
21.87683333333333	684355.173828125
23.594833333333334	238956.521484375
25.649166666666666	226429.3291015625
22.407333333333334	475450.0322265625
23.351499999999998	272422.9609375
23.241666666666667	286877.802734375
20.890333333333334	4.3650886373046875E7
23.024166666666666	301399.900390625
21.702833333333334	1058997.3486328125
24.532333333333334	127882.90063476562
25.113833333333332	170731.052734375
17.557666666666666	2416.840576171875
23.122	261437.216796875
20.863833333333332	4.3866011908203125E7
21.120166666666666	1.657356263671875E7
21.932666666666666	642351.94140625
16.4345	1605.471923828125
18.363833333333332	2213.493896484375
20.245166666666666	237734.97607421875
16.863833333333336	0.0
