528.82611	56.76

60.0525	214546.57177734375
58.60166666666667	3899783.4477539062
57.48433333333333	2.7163764696289062E7
53.51983333333333	14409.515625
59.42183333333333	562376.5625
53.92183333333333	3886.423828125
59.26983333333333	716606.5888671875
58.026666666666664	1.2649049952148438E7
61.339166666666664	88540.28466796875
60.38133333333334	175442.32373046875
61.3955	79409.3359375
58.272666666666666	9188744.040039062
54.169333333333334	3230.01806640625
58.08883333333333	1.2011715840820312E7
59.96383333333333	272484.84375
58.6295	3705308.7006835938
59.192	835599.9221191406
56.743	5.0972073189453125E7
52.19683333333333	3304.770751953125
60.89433333333333	114338.6572265625
57.64516666666667	2.1926703216796875E7
56.94683333333333	4.6566663228515625E7
61.1395	98233.5732421875
55.70683333333333	2846.0537109375
58.294999999999995	7748692.059082031
59.452	628407.8618164062
57.88699999999999	1.6207808996582031E7
52.99933333333333	58717.2236328125
56.398	212567.54248046875
59.31183333333333	735149.8356933594
55.35433333333334	2096.32080078125
60.74933333333333	143502.341796875
55.20916666666667	6337.899169921875
58.77166666666667	2407488.9963378906
57.057	4.035890514160156E7
58.1065	1.1387330119140625E7
60.24666666666667	201903.77172851562
60.93416666666667	119532.205078125
56.99666666666667	4.3049367892578125E7
54.75	4891.11767578125
54.875	3723.112548828125
59.25	790313.458984375
61.0625	110041.9296875
53.6605	12862.85400390625
56.36983333333333	95563.3828125
59.87983333333333	364747.142578125
61.5355	113042.10009765625
58.3155	7861878.963378906
59.9405	314929.8125
54.051833333333335	4524.716796875
60.655166666666666	124921.71337890625
61.18566666666666	102636.96337890625
52.11683333333334	9397.15380859375
53.467666666666666	20000.091796875
54.842666666666666	3492.4267578125
56.7915	5.1891733876953125E7
59.9165	340032.625
60.421166666666664	137089.9482421875
60.608666666666664	104609.662109375
52.6665	18743.9609375
59.38816666666666	629676.3054199219
59.109500000000004	978163.1655273438
52.80466666666667	23599.57421875
60.96933333333333	104698.61083984375
59.60366666666666	581312.625
57.80466666666667	1.8858434217773438E7
58.42966666666667	6471173.292236328
57.82333333333334	1.8286380956054688E7
54.77366666666667	3647.218505859375
59.5685	604341.5
57.133500000000005	3.9649214044921875E7
55.0685	4950.6640625
56.43716666666667	664772.6875
57.74966666666667	2.0330015267578125E7
61.3785	69551.4296875
53.49533333333333	7930.76416015625
61.459833333333336	87999.671875
58.522333333333336	4808084.223144531
57.522333333333336	2.5872194482421875E7
52.316	7159.59716796875
60.30783333333333	171004.828125
56.708666666666666	5.2567473380859375E7
57.55783333333333	2.49735153359375E7
56.868833333333335	4.681990476953125E7
55.873666666666665	4352.60546875
51.763000000000005	3297.246337890625
52.968333333333334	38673.57958984375
57.5965	2.4920411060546875E7
56.589333333333336	3.3405179405273438E7
58.343333333333334	7463882.774902344
60.825500000000005	128567.78515625
58.651833333333336	3464557.9692382812
52.743833333333335	24403.6328125
60.218333333333334	212355.921875
57.26383333333333	3.3736549345703125E7
56.3175	16255.076171875
53.89366666666667	5085.53271484375
56.8365	4.885424265917969E7
56.466499999999996	1878090.33984375
56.559333333333335	2.043580492578125E7
58.371833333333335	6662950.0703125
52.8365	25822.2998046875
56.89366666666667	4.8096110701171875E7
58.55116666666667	4554442.1005859375
61.299166666666665	87189.13208007812
52.89966666666667	38280.9140625
56.926500000000004	4.774823999609375E7
56.689166666666665	5.306732698828125E7
58.40083333333334	6584338.625
52.7755	30150.88623046875
54.08833333333334	3970.99658203125
55.001666666666665	0.0
52.564166666666665	3155.16162109375
53.22816666666667	22789.009765625
58.70516666666666	2914302.584716797
59.22266666666667	829470.6970214844
56.66016666666667	5.23210292578125E7
55.40716666666666	2708.6591796875
58.929833333333335	1506414.5327148438
54.95583333333333	5375.4306640625
60.3555	169622.06640625
53.26833333333333	9473.7041015625
56.81666666666667	5.13729844453125E7
52.06966666666666	4474.326171875
52.46066666666666	3822.612548828125
59.64083333333333	517791.50048828125
59.993500000000004	258923.34985351562
56.527833333333334	1.0509416124023438E7
59.167500000000004	902764.9670410156
60.62733333333333	110043.859375
54.243500000000004	3125.655517578125
54.368500000000004	3986.18701171875
60.28283333333333	179035.71875
61.28283333333333	102873.9423828125
60.69316666666667	141489.0078125
55.53283333333333	3739.6884765625
59.369166666666665	713902.0131835938
59.747499999999995	448338.5
60.79783333333333	120532.6953125
59.5005	610597.1423339844
60.458333333333336	153603.0625
61.5615	107023.55126953125
52.529333333333334	10827.903564453125
51.90116666666667	3631.9833984375
56.49133333333334	4072181.466796875
57.24133333333334	3.3022021100585938E7
52.86633333333334	42904.297119140625
53.86633333333334	4656.130859375
56.009	4480.42041015625
59.029333333333334	1125359.7954101562
58.24083333333333	9156201.811035156
58.00383333333333	1.331948384375E7
59.666000000000004	576875.0625
53.175333333333334	23882.7763671875
58.685500000000005	3126540.442626953
57.29516666666667	3.2233075952148438E7
58.20466666666667	9883692.3125
60.57966666666667	160419.982421875
58.855333333333334	1808109.2783203125
61.24616666666667	121695.17578125
53.11483333333333	25219.22314453125
55.643	2043.9853515625
60.917833333333334	117065.265625
52.25916666666667	4093.71826171875
61.48983333333333	91242.796875
61.643	102204.8515625
57.720666666666666	2.0982778052734375E7
54.312	0.0
59.346000000000004	712945.1103515625
52.033500000000004	3504.75732421875
60.437	138120.287109375
53.354166666666664	19040.0517578125
53.255833333333335	30875.5771484375
57.02966666666667	4.022900555859375E7
52.722166666666666	26433.937255859375
53.972166666666666	8156.14697265625
56.29666666666667	6653.4833984375
57.54666666666667	2.5726305068359375E7
57.9415	1.5418868842773438E7
58.04666666666667	1.26256890703125E7
60.1915	180213.984375
60.33533333333333	141657.0556640625
52.49283333333334	8073.13427734375
53.087833333333336	43222.92236328125
57.62083333333333	2.3507079438476562E7
61.66916666666667	110355.25671386719
59.810833333333335	414708.7346191406
57.07683333333333	4.100192622265625E7
57.469500000000004	2.8417987111328125E7
59.70183333333333	528045.6875
58.83433333333333	2044856.15625
57.323499999999996	3.197155290234375E7
54.93733333333333	4433.22998046875
52.635999999999996	17977.44189453125
60.49983333333333	128657.384765625
60.17216666666666	226394.6875
52.16283333333333	4420.294921875
61.003166666666665	93989.9169921875
60.10633333333333	167089.171875
56.9725	4.537208766796875E7
58.459666666666664	5926470.6259765625
60.084666666666664	201480.9287109375
60.55083333333334	142253.51953125
61.7015	103095.7265625
59.05083333333334	1021316.1640625
57.36116666666667	3.1131840595703125E7
53.299499999999995	6848.44091796875
55.031666666666666	3919.009765625
56.348166666666664	35672.4921875
59.785666666666664	404613.0
58.966	1328077.8605957031
57.7785	1.936256103955078E7
60.719166666666666	115110.62109375
52.39149999999999	4412.05126953125
57.103833333333334	3.87590758359375E7
57.1635	3.7739399779296875E7
58.7465	2679876.61328125
61.727666666666664	82365.34130859375
57.415166666666664	2.9319899345703125E7
51.803999999999995	9786.78857421875
53.32283333333333	18673.4609375
57.19083333333333	3.745304173046875E7
52.602999999999994	18248.226806640625
57.9185	1.541335759375E7
58.17666666666666	1.0179316784179688E7
61.02133333333334	98032.85595703125
61.11083333333333	102163.46484375
57.67433333333334	2.1837057095703125E7
60.86183333333334	101920.53125
60.021	284833.5202636719
51.87866666666666	8290.597900390625
61.510666666666665	102663.53442382812
53.37683333333334	0.0
58.80766666666667	2034634.4165039062
56.61383333333333	4.260772410253906E7
57.42633333333333	2.7585540616210938E7
52.9345	47749.7060546875
53.0595	42785.55029296875
58.56766666666667	4331099.903808594
52.68266666666667	32398.72119140625
59.725166666666674	490359.5
61.588166666666666	94216.4296875
54.035333333333334	3837.54736328125
55.30016666666667	9860.00537109375
56.6305	4.9631494724609375E7
59.081	1052086.9663085938
56.7685	5.441745266796875E7
58.48766666666667	5448235.3984375
61.61266666666667	104354.58349609375
59.140166666666666	923552.7763671875
55.428666666666665	2842.46875
60.12233333333334	198237.0302734375
51.827666666666666	3311.23095703125
53.149499999999996	19134.169921875
54.149499999999996	3136.008056640625
54.586999999999996	4578.5546875
55.24733333333334	2459.9560546875
58.891	1702762.4443359375
53.202666666666666	17233.251953125
53.0295	26920.126953125
59.00066666666667	1252029.5280761719
59.477	564549.5893554688
61.092	121171.60595703125
55.10566666666667	2545.27294921875
57.382	3.1158547505371094E7
53.8435	5926.216796875
61.43	101870.953125
58.129333333333335	1.0490667944824219E7
61.2185	117073.28930664062
52.098333333333336	3778.607666015625
53.410833333333336	20643.3466796875
57.852333333333334	1.6796204783203125E7
57.970166666666664	1.456149101953125E7
61.167	84717.078125
53.595166666666664	6858.97705078125
59.535833333333336	621280.1875
57.21666666666667	3.549470030371094E7
60.52766666666666	110398.9892578125
60.77766666666666	103330.640625
53.635	11527.54248046875
59.84666666666667	391195.125
55.32733333333333	2831.273193359375
